1 0.2956730769230769 0.2536057692307692 0.15865384615384615 0.040865384615384616
2 0.38822115384615385 0.2091346153846154 0.09134615384615384 0.1466346153846154
0 0.17307692307692307 0.4230769230769231 0.20192307692307693 0.06490384615384616
4 0.33533653846153844 0.3629807692307692 0.1971153846153846 0.07692307692307693
5 0.19591346153846154 0.5444711538461539 0.13942307692307693 0.05048076923076923
0 0.20192307692307693 0.6286057692307693 0.16826923076923078 0.0673076923076923
3 0.35697115384615385 0.6826923076923077 0.15865384615384615 0.07451923076923077
4 0.22716346153846154 0.7788461538461539 0.21634615384615385 0.10336538461538461
2 0.6983173076923077 0.8978365384615384 0.10817307692307693 0.18028846153846154
2 0.6983173076923077 0.7007211538461539 0.11298076923076923 0.19230769230769232
1 0.6286057692307693 0.265625 0.19951923076923078 0.05048076923076923