1 0.22235576923076922 0.2548076923076923 0.1875 0.055288461538461536
0 0.43990384615384615 0.2764423076923077 0.1346153846153846 0.04567307692307692
4 0.2127403846153846 0.41225961538461536 0.19230769230769232 0.12740384615384615
5 0.4362980769230769 0.43509615384615385 0.11298076923076923 0.04567307692307692
2 0.23677884615384615 0.5552884615384616 0.20432692307692307 0.06009615384615385
3 0.4411057692307692 0.5456730769230769 0.11538461538461539 0.06490384615384616
4 0.24639423076923078 0.6382211538461539 0.2283653846153846 0.09375
2 0.30528846153846156 0.7331730769230769 0.19471153846153846 0.0673076923076923
0 0.21153846153846154 0.8966346153846154 0.11538461538461539 0.07932692307692307
2 0.6959134615384616 0.7692307692307693 0.11538461538461539 0.20432692307692307
1 0.7548076923076923 0.4387019230769231 0.23317307692307693 0.0625