2 0.2956730769230769 0.14903846153846154 0.0985576923076923 0.15865384615384615
2 0.4338942307692308 0.16706730769230768 0.08173076923076923 0.15625
2 0.203125 0.31971153846153844 0.09134615384615384 0.16826923076923078
0 0.17668269230769232 0.18028846153846154 0.1346153846153846 0.08413461538461539
4 0.38822115384615385 0.36177884615384615 0.2283653846153846 0.08173076923076923
3 0.4411057692307692 0.5012019230769231 0.08173076923076923 0.040865384615384616
5 0.2247596153846154 0.5865384615384616 0.12259615384615384 0.057692307692307696
0 0.38822115384615385 0.5733173076923077 0.1346153846153846 0.040865384615384616
3 0.32211538461538464 0.6670673076923077 0.11057692307692307 0.057692307692307696
4 0.21875 0.7439903846153846 0.17307692307692307 0.0673076923076923
1 0.7728365384615384 0.38461538461538464 0.25240384615384615 0.057692307692307696
1 0.75 0.23677884615384615 0.22596153846153846 0.040865384615384616