0 0.09615384615384616 0.203125 0.09014423076923077 0.12620192307692307
3 0.3641826923076923 0.2608173076923077 0.14903846153846154 0.04807692307692308
4 0.1935096153846154 0.3894230769230769 0.2283653846153846 0.12620192307692307
2 0.37259615384615385 0.4170673076923077 0.171875 0.05048076923076923
2 0.3762019230769231 0.5444711538461539 0.19110576923076922 0.06129807692307692
2 0.38221153846153844 0.6141826923076923 0.18509615384615385 0.057692307692307696
4 0.18389423076923078 0.53125 0.18028846153846154 0.1201923076923077
5 0.2764423076923077 0.7211538461538461 0.140625 0.06370192307692307
0 0.3605769230769231 0.8665865384615384 0.15865384615384615 0.07572115384615384
1 0.7163461538461539 0.27283653846153844 0.24759615384615385 0.04326923076923077
1 0.7415865384615384 0.421875 0.25961538461538464 0.051682692307692304