1 0.3858173076923077 0.22596153846153846 0.1971153846153846 0.038461538461538464
4 0.3269230769230769 0.34375 0.125 0.12980769230769232
5 0.39783653846153844 0.5084134615384616 0.14903846153846154 0.04807692307692308
0 0.19591346153846154 0.49038461538461536 0.12980769230769232 0.07451923076923077
3 0.2668269230769231 0.5841346153846154 0.14423076923076922 0.06009615384615385
0 0.4050480769230769 0.5757211538461539 0.13221153846153846 0.052884615384615384
4 0.2608173076923077 0.7451923076923077 0.19230769230769232 0.08653846153846154
2 0.6466346153846154 0.6826923076923077 0.07692307692307693 0.19230769230769232
2 0.7367788461538461 0.7115384615384616 0.08653846153846154 0.21153846153846154
2 0.84375 0.7463942307692307 0.12740384615384615 0.22115384615384615
1 0.6790865384615384 0.24519230769230768 0.20192307692307693 0.038461538461538464