0 0.19230769230769232 0.19110576923076922 0.1778846153846154 0.0889423076923077
1 0.37740384615384615 0.21634615384615385 0.17307692307692307 0.040865384615384616
5 0.22956730769230768 0.3798076923076923 0.12980769230769232 0.06009615384615385
3 0.22235576923076922 0.5012019230769231 0.12740384615384615 0.05048076923076923
4 0.39302884615384615 0.49399038461538464 0.21153846153846154 0.07451923076923077
2 0.3293269230769231 0.5697115384615384 0.17548076923076922 0.06009615384615385
4 0.28966346153846156 0.6550480769230769 0.22355769230769232 0.10096153846153846
2 0.6454326923076923 0.6802884615384616 0.10336538461538461 0.18269230769230768
0 0.8365384615384616 0.7836538461538461 0.17548076923076922 0.15384615384615385
2 0.5997596153846154 0.8557692307692307 0.0985576923076923 0.16826923076923078
1 0.2824519230769231 0.7199519230769231 0.19471153846153846 0.04326923076923077