4 0.22115384615384615 0.18629807692307693 0.2692307692307692 0.0889423076923077
0 0.43028846153846156 0.21875 0.15865384615384615 0.028846153846153848
2 0.15144230769230768 0.31971153846153844 0.09134615384615384 0.16105769230769232
0 0.2932692307692308 0.390625 0.15384615384615385 0.03125
1 0.3641826923076923 0.36899038461538464 0.15384615384615385 0.038461538461538464
3 0.40865384615384615 0.5060096153846154 0.14423076923076922 0.038461538461538464
1 0.3557692307692308 0.5661057692307693 0.20192307692307693 0.04807692307692308
5 0.32572115384615385 0.6802884615384616 0.13221153846153846 0.057692307692307696
4 0.24158653846153846 0.7704326923076923 0.21875 0.10096153846153846
2 0.27884615384615385 0.8209134615384616 0.18509615384615385 0.07211538461538461
2 0.6887019230769231 0.6899038461538461 0.10576923076923077 0.1971153846153846