4 0.3329326923076923 0.2536057692307692 0.28725961538461536 0.07451923076923077
1 0.1935096153846154 0.41586538461538464 0.23317307692307693 0.03485576923076923
1 0.6526442307692307 0.4326923076923077 0.20673076923076922 0.05048076923076923
0 0.19230769230769232 0.5564903846153846 0.14543269230769232 0.056490384615384616
2 0.18990384615384615 0.5444711538461539 0.19471153846153846 0.051682692307692304
3 0.3629807692307692 0.5420673076923077 0.11778846153846154 0.06129807692307692
4 0.3425480769230769 0.609375 0.20673076923076922 0.057692307692307696
1 0.21514423076923078 0.7163461538461539 0.12740384615384615 0.0889423076923077
5 0.2439903846153846 0.8918269230769231 0.125 0.09134615384615384
2 0.7908653846153846 0.9627403846153846 0.11899038461538461 0.07451923076923077
2 0.6754807692307693 0.7536057692307693 0.11778846153846154 0.203125