2 0.18629807692307693 0.18269230769230768 0.0889423076923077 0.15865384615384615
0 0.42908653846153844 0.2704326923076923 0.10817307692307693 0.038461538461538464
1 0.20072115384615385 0.3954326923076923 0.16826923076923078 0.04326923076923077
2 0.32091346153846156 0.36177884615384615 0.07211538461538461 0.14423076923076922
5 0.4026442307692308 0.4170673076923077 0.11298076923076923 0.05048076923076923
0 0.3870192307692308 0.5348557692307693 0.15384615384615385 0.0673076923076923
1 0.3125 0.5913461538461539 0.19951923076923078 0.04567307692307692
3 0.16706730769230768 0.6983173076923077 0.13701923076923078 0.07932692307692307
4 0.30288461538461536 0.6754807692307693 0.16105769230769232 0.08413461538461539
2 0.2608173076923077 0.8377403846153846 0.18990384615384615 0.0889423076923077
4 0.7836538461538461 0.7692307692307693 0.3125 0.2980769230769231