4 0.24158653846153846 0.203125 0.23076923076923078 0.11177884615384616
2 0.34615384615384615 0.3545673076923077 0.07211538461538461 0.1466346153846154
2 0.46033653846153844 0.3581730769230769 0.06850961538461539 0.15504807692307693
5 0.2608173076923077 0.5480769230769231 0.13341346153846154 0.04807692307692308
3 0.2403846153846154 0.6117788461538461 0.12980769230769232 0.07692307692307693
0 0.4326923076923077 0.609375 0.1310096153846154 0.046875
4 0.35336538461538464 0.6899038461538461 0.2127403846153846 0.09375
0 0.2920673076923077 0.7872596153846154 0.15384615384615385 0.06370192307692307
1 0.30288461538461536 0.8665865384615384 0.1658653846153846 0.06009615384615385
2 0.7572115384615384 0.7584134615384616 0.11658653846153846 0.22115384615384615
1 0.8185096153846154 0.40384615384615385 0.27283653846153844 0.054086538461538464