2 0.16706730769230768 0.31009615384615385 0.08413461538461539 0.16346153846153846
2 0.29447115384615385 0.3137019230769231 0.07572115384615384 0.15504807692307693
3 0.40865384615384615 0.3605769230769231 0.10697115384615384 0.0673076923076923
2 0.21634615384615385 0.48197115384615385 0.19230769230769232 0.055288461538461536
5 0.18269230769230768 0.5805288461538461 0.14543269230769232 0.05889423076923077
4 0.36177884615384615 0.5540865384615384 0.19951923076923078 0.056490384615384616
0 0.2439903846153846 0.6502403846153846 0.11658653846153846 0.08653846153846154
4 0.2403846153846154 0.8088942307692307 0.21995192307692307 0.09735576923076923
0 0.6887019230769231 0.7584134615384616 0.15985576923076922 0.07572115384615384
1 0.6730769230769231 0.375 0.22596153846153846 0.054086538461538464
1 0.7632211538461539 0.20192307692307693 0.3245192307692308 0.04567307692307692