5 0.09134615384615384 0.20793269230769232 0.15264423076923078 0.04927884615384615
4 0.125 0.3449519230769231 0.20793269230769232 0.12740384615384615
0 0.3473557692307692 0.3870192307692308 0.15504807692307693 0.051682692307692304
0 0.1045673076923077 0.4963942307692308 0.12980769230769232 0.0829326923076923
3 0.36778846153846156 0.5024038461538461 0.09375 0.0673076923076923
4 0.3161057692307692 0.5733173076923077 0.2283653846153846 0.06850961538461539
1 0.21153846153846154 0.6850961538461539 0.16105769230769232 0.04807692307692308
2 0.6622596153846154 0.9170673076923077 0.10576923076923077 0.1658653846153846
2 0.8100961538461539 0.7524038461538461 0.12379807692307693 0.2091346153846154
2 0.6526442307692307 0.7115384615384616 0.10576923076923077 0.20432692307692307
1 0.6983173076923077 0.22355769230769232 0.28725961538461536 0.04927884615384615