1 0.2980769230769231 0.24519230769230768 0.22596153846153846 0.038461538461538464
4 0.35336538461538464 0.3762019230769231 0.13942307692307693 0.1346153846153846
0 0.23677884615384615 0.5240384615384616 0.1658653846153846 0.06490384615384616
3 0.390625 0.5192307692307693 0.10096153846153846 0.06490384615384616
0 0.23798076923076922 0.7295673076923077 0.12980769230769232 0.07211538461538461
5 0.2776442307692308 0.7692307692307693 0.11298076923076923 0.07211538461538461
4 0.3125 0.8317307692307693 0.21634615384615385 0.0889423076923077
2 0.7175480769230769 0.9134615384615384 0.10336538461538461 0.16826923076923078
2 0.8449519230769231 0.9411057692307693 0.125 0.10817307692307693
2 0.7019230769230769 0.7115384615384616 0.0985576923076923 0.1971153846153846
1 0.6658653846153846 0.40024038461538464 0.2091346153846154 0.052884615384615384