1 0.15985576923076922 0.22115384615384615 0.19471153846153846 0.04567307692307692
4 0.3762019230769231 0.21995192307692307 0.1658653846153846 0.10576923076923077
3 0.16466346153846154 0.40384615384615385 0.15865384615384615 0.057692307692307696
4 0.29927884615384615 0.38341346153846156 0.13701923076923078 0.08653846153846154
2 0.40384615384615385 0.36658653846153844 0.07692307692307693 0.15384615384615385
2 0.09615384615384616 0.5024038461538461 0.09134615384615384 0.15144230769230768
0 0.35336538461538464 0.5348557692307693 0.12980769230769232 0.0625
2 0.21634615384615385 0.7127403846153846 0.19951923076923078 0.08173076923076923
0 0.12620192307692307 0.8064903846153846 0.16105769230769232 0.0625
5 0.0985576923076923 0.8822115384615384 0.10817307692307693 0.10576923076923077
1 0.7548076923076923 0.24759615384615385 0.24759615384615385 0.05048076923076923