1 0.14783653846153846 0.2548076923076923 0.18990384615384615 0.05048076923076923
2 0.3605769230769231 0.22115384615384615 0.0673076923076923 0.15144230769230768
0 0.20552884615384615 0.4375 0.14903846153846154 0.036057692307692304
3 0.3473557692307692 0.4182692307692308 0.10817307692307693 0.057692307692307696
0 0.1502403846153846 0.5576923076923077 0.18509615384615385 0.06009615384615385
5 0.3401442307692308 0.5480769230769231 0.04807692307692308 0.036057692307692304
4 0.15745192307692307 0.6394230769230769 0.18269230769230768 0.0985576923076923
2 0.3269230769230769 0.6141826923076923 0.17307692307692307 0.055288461538461536
4 0.2776442307692308 0.6995192307692307 0.1875 0.09375
2 0.22355769230769232 0.796875 0.19471153846153846 0.06971153846153846
5 0.6009615384615384 0.42788461538461536 0.12740384615384615 0.08173076923076923
1 0.6838942307692307 0.28125 0.27163461538461536 0.055288461538461536