2 0.0889423076923077 0.34134615384615385 0.09615384615384616 0.16826923076923078
2 0.3798076923076923 0.34134615384615385 0.07692307692307693 0.15625
2 0.34134615384615385 0.5204326923076923 0.19471153846153846 0.06490384615384616
3 0.3942307692307692 0.21995192307692307 0.11538461538461539 0.07932692307692307
5 0.24519230769230768 0.40024038461538464 0.13701923076923078 0.055288461538461536
4 0.1466346153846154 0.5168269230769231 0.19471153846153846 0.09375
0 0.3605769230769231 0.5973557692307693 0.16346153846153846 0.052884615384615384
1 0.22355769230769232 0.6947115384615384 0.21153846153846154 0.0625
4 0.19951923076923078 0.7776442307692307 0.24278846153846154 0.07211538461538461
0 0.2620192307692308 0.8557692307692307 0.12980769230769232 0.08173076923076923
1 0.6598557692307693 0.23076923076923078 0.2283653846153846 0.05048076923076923