1 0.15264423076923078 0.24879807692307693 0.18870192307692307 0.046875
2 0.36538461538461536 0.21875 0.06490384615384616 0.1502403846153846
0 0.20673076923076922 0.4326923076923077 0.14783653846153846 0.03245192307692308
3 0.3485576923076923 0.41586538461538464 0.10817307692307693 0.055288461538461536
0 0.14903846153846154 0.5516826923076923 0.18389423076923078 0.056490384615384616
5 0.3389423076923077 0.5456730769230769 0.046875 0.03485576923076923
4 0.15504807692307693 0.6334134615384616 0.1814903846153846 0.09615384615384616
2 0.3245192307692308 0.6105769230769231 0.171875 0.051682692307692304
4 0.27403846153846156 0.6959134615384616 0.18509615384615385 0.09134615384615384
2 0.21875 0.7920673076923077 0.1935096153846154 0.0673076923076923
5 0.6021634615384616 0.42908653846153844 0.125 0.08052884615384616
1 0.6875 0.2848557692307692 0.2704326923076923 0.05048076923076923