1 0.2668269230769231 0.18509615384615385 0.17307692307692307 0.04567307692307692
2 0.13701923076923078 0.11899038461538461 0.08173076923076923 0.16826923076923078
3 0.43028846153846156 0.21754807692307693 0.09615384615384616 0.028846153846153848
3 0.15745192307692307 0.3641826923076923 0.11538461538461539 0.04326923076923077
4 0.1935096153846154 0.4735576923076923 0.1778846153846154 0.08173076923076923
0 0.38221153846153844 0.47716346153846156 0.14903846153846154 0.07692307692307693
4 0.296875 0.5516826923076923 0.21153846153846154 0.0625
5 0.21033653846153846 0.7319711538461539 0.1658653846153846 0.057692307692307696
1 0.2800480769230769 0.7764423076923077 0.18269230769230768 0.06009615384615385
2 0.6706730769230769 0.6754807692307693 0.1201923076923077 0.18509615384615385
2 0.7584134615384616 0.7091346153846154 0.13701923076923078 0.20192307692307693