2 0.15985576923076922 0.16466346153846154 0.09495192307692307 0.16706730769230768
3 0.29927884615384615 0.23197115384615385 0.1466346153846154 0.0625
1 0.36778846153846156 0.38822115384615385 0.22235576923076922 0.026442307692307692
0 0.19831730769230768 0.5360576923076923 0.17427884615384615 0.06129807692307692
4 0.3449519230769231 0.5865384615384616 0.2283653846153846 0.0625
0 0.20552884615384615 0.7271634615384616 0.14903846153846154 0.06850961538461539
5 0.24879807692307693 0.7716346153846154 0.11298076923076923 0.0733173076923077
4 0.31490384615384615 0.8389423076923077 0.20432692307692307 0.09975961538461539
2 0.6923076923076923 0.9254807692307693 0.11298076923076923 0.14903846153846154
2 0.8185096153846154 0.9579326923076923 0.1141826923076923 0.08413461538461539
1 0.65625 0.40625 0.21514423076923078 0.055288461538461536