5 0.48197115384615385 0.1875 0.1466346153846154 0.07211538461538461
3 0.3088942307692308 0.17548076923076922 0.15625 0.08173076923076923
2 0.3112980769230769 0.30408653846153844 0.07211538461538461 0.14423076923076922
2 0.40865384615384615 0.30528846153846156 0.06490384615384616 0.13942307692307693
0 0.3245192307692308 0.4987980769230769 0.14423076923076922 0.05048076923076923
1 0.30649038461538464 0.5588942307692307 0.19951923076923078 0.04567307692307692
4 0.45072115384615385 0.640625 0.19230769230769232 0.0889423076923077
0 0.2980769230769231 0.7932692307692307 0.1875 0.09134615384615384
2 0.6514423076923077 0.8762019230769231 0.11778846153846154 0.18509615384615385
4 0.7259615384615384 0.32091346153846156 0.3269230769230769 0.19230769230769232
1 0.7307692307692307 0.18269230769230768 0.2548076923076923 0.06490384615384616