4 0.22956730769230768 0.22235576923076922 0.20673076923076922 0.1346153846153846
3 0.3918269230769231 0.25841346153846156 0.13221153846153846 0.0673076923076923
1 0.2644230769230769 0.4170673076923077 0.17067307692307693 0.04326923076923077
5 0.44591346153846156 0.4230769230769231 0.10817307692307693 0.04567307692307692
2 0.24879807692307693 0.5432692307692307 0.20192307692307693 0.055288461538461536
0 0.44350961538461536 0.5396634615384616 0.14903846153846154 0.06490384615384616
0 0.2247596153846154 0.703125 0.1346153846153846 0.08173076923076923
2 0.3269230769230769 0.8473557692307693 0.17548076923076922 0.0889423076923077
4 0.8533653846153846 0.7427884615384616 0.2932692307692308 0.2932692307692308
2 0.6838942307692307 0.7259615384615384 0.10096153846153846 0.20192307692307693
1 0.7475961538461539 0.2620192307692308 0.2644230769230769 0.055288461538461536