1 0.1502403846153846 0.23317307692307693 0.19471153846153846 0.04567307692307692
4 0.36658653846153844 0.2247596153846154 0.1658653846153846 0.10576923076923077
3 0.1622596153846154 0.41586538461538464 0.15865384615384615 0.057692307692307696
4 0.29447115384615385 0.390625 0.13701923076923078 0.08653846153846154
2 0.39903846153846156 0.36899038461538464 0.07692307692307693 0.15384615384615385
2 0.09615384615384616 0.5168269230769231 0.09134615384615384 0.15144230769230768
0 0.3557692307692308 0.5396634615384616 0.12980769230769232 0.0625
2 0.22355769230769232 0.7223557692307693 0.19951923076923078 0.08173076923076923
0 0.13701923076923078 0.8185096153846154 0.16105769230769232 0.0625
5 0.11298076923076923 0.8966346153846154 0.10817307692307693 0.10576923076923077
1 0.7451923076923077 0.23798076923076922 0.24759615384615385 0.05048076923076923