1 0.16466346153846154 0.17668269230769232 0.19951923076923078 0.05048076923076923
5 0.3762019230769231 0.18990384615384615 0.11538461538461539 0.04567307692307692
1 0.19831730769230768 0.35096153846153844 0.21394230769230768 0.04807692307692308
5 0.2932692307692308 0.48197115384615385 0.06009615384615385 0.052884615384615384
4 0.17668269230769232 0.46153846153846156 0.18509615384615385 0.10576923076923077
3 0.22716346153846154 0.5588942307692307 0.16346153846153846 0.06009615384615385
4 0.375 0.5372596153846154 0.17548076923076922 0.06490384615384616
3 0.3870192307692308 0.6382211538461539 0.09134615384615384 0.040865384615384616
0 0.27403846153846156 0.6322115384615384 0.18269230769230768 0.09134615384615384
2 0.6322115384615384 0.6430288461538461 0.11057692307692307 0.18269230769230768
2 0.7235576923076923 0.6730769230769231 0.12740384615384615 0.20192307692307693
2 0.8569711538461539 0.7019230769230769 0.15384615384615385 0.23076923076923078