2 0.14302884615384615 0.12740384615384615 0.09375 0.17307692307692307
4 0.3629807692307692 0.18870192307692307 0.21153846153846154 0.10817307692307693
3 0.3557692307692308 0.3629807692307692 0.15144230769230768 0.04807692307692308
0 0.17908653846153846 0.46274038461538464 0.13221153846153846 0.0985576923076923
4 0.3401442307692308 0.5456730769230769 0.2091346153846154 0.07451923076923077
5 0.20552884615384615 0.6538461538461539 0.11057692307692307 0.06490384615384616
1 0.23677884615384615 0.703125 0.18028846153846154 0.04807692307692308
1 0.6514423076923077 0.36538461538461536 0.21394230769230768 0.052884615384615384
2 0.6189903846153846 0.6610576923076923 0.09615384615384616 0.17548076923076922
0 0.8028846153846154 0.7548076923076923 0.16346153846153846 0.13942307692307693
2 0.5600961538461539 0.8221153846153846 0.09375 0.16826923076923078