5 0.3858173076923077 0.2644230769230769 0.10576923076923077 0.057692307692307696
0 0.2860576923076923 0.3942307692307692 0.16346153846153846 0.09615384615384616
0 0.16466346153846154 0.5492788461538461 0.09134615384615384 0.06490384615384616
4 0.28725961538461536 0.5216346153846154 0.16826923076923078 0.10336538461538461
3 0.40625 0.6105769230769231 0.0985576923076923 0.036057692307692304
4 0.22716346153846154 0.703125 0.19951923076923078 0.11778846153846154
3 0.35096153846153844 0.6983173076923077 0.10096153846153846 0.0673076923076923
1 0.6670673076923077 0.2608173076923077 0.2644230769230769 0.06009615384615385
1 0.8100961538461539 0.4519230769230769 0.25721153846153844 0.06971153846153846
2 0.6526442307692307 0.7319711538461539 0.10817307692307693 0.20432692307692307
2 0.7259615384615384 0.7584134615384616 0.13701923076923078 0.23076923076923078
2 0.5805288461538461 0.9014423076923077 0.10096153846153846 0.18028846153846154