2 0.3557692307692308 0.1778846153846154 0.08413461538461539 0.15625
0 0.11298076923076923 0.21634615384615385 0.18028846153846154 0.07211538461538461
5 0.22235576923076922 0.39783653846153844 0.12980769230769232 0.055288461538461536
2 0.3918269230769231 0.3449519230769231 0.08653846153846154 0.15865384615384615
4 0.17548076923076922 0.5048076923076923 0.16105769230769232 0.12980769230769232
0 0.35697115384615385 0.515625 0.13221153846153846 0.07451923076923077
1 0.26322115384615385 0.5961538461538461 0.21394230769230768 0.04807692307692308
2 0.23677884615384615 0.7019230769230769 0.19951923076923078 0.08413461538461539
1 0.2127403846153846 0.8545673076923077 0.16826923076923078 0.06971153846153846
3 0.6959134615384616 0.9543269230769231 0.14182692307692307 0.08413461538461539
4 0.7019230769230769 0.7283653846153846 0.24519230769230768 0.2620192307692308