2 0.1622596153846154 0.3125 0.08774038461538461 0.15865384615384615
1 0.38221153846153844 0.19951923076923078 0.203125 0.03245192307692308
3 0.37740384615384615 0.3581730769230769 0.22716346153846154 0.08774038461538461
1 0.22235576923076922 0.48677884615384615 0.15745192307692307 0.038461538461538464
0 0.421875 0.47716346153846156 0.14783653846153846 0.09014423076923077
0 0.4230769230769231 0.5661057692307693 0.09495192307692307 0.051682692307692304
2 0.28846153846153844 0.5697115384615384 0.19591346153846154 0.052884615384615384
4 0.296875 0.6418269230769231 0.2091346153846154 0.078125
5 0.3076923076923077 0.8028846153846154 0.10576923076923077 0.07091346153846154
3 0.6442307692307693 0.36658653846153844 0.18870192307692307 0.11538461538461539
2 0.6610576923076923 0.6887019230769231 0.0985576923076923 0.18389423076923078