2 0.38461538461538464 0.21514423076923078 0.09134615384615384 0.16346153846153846
2 0.3545673076923077 0.4411057692307692 0.20432692307692307 0.0625
3 0.20432692307692307 0.578125 0.20432692307692307 0.06490384615384616
4 0.20072115384615385 0.65625 0.21875 0.07692307692307693
0 0.3870192307692308 0.6466346153846154 0.15625 0.0673076923076923
0 0.17548076923076922 0.8389423076923077 0.14423076923076922 0.0625
5 0.29927884615384615 0.9014423076923077 0.13701923076923078 0.08173076923076923
2 0.7067307692307693 0.78125 0.12259615384615384 0.2283653846153846
4 0.8774038461538461 0.8137019230769231 0.24519230769230768 0.27163461538461536
1 0.7391826923076923 0.4338942307692308 0.27884615384615385 0.06971153846153846
1 0.7067307692307693 0.27283653846153844 0.25721153846153844 0.06009615384615385