2 0.40384615384615385 0.19110576923076922 0.0985576923076923 0.17067307692307693
3 0.21153846153846154 0.40384615384615385 0.15865384615384615 0.052884615384615384
4 0.21394230769230768 0.5228365384615384 0.24278846153846154 0.0985576923076923
0 0.390625 0.5348557692307693 0.1201923076923077 0.06971153846153846
2 0.3545673076923077 0.6117788461538461 0.18269230769230768 0.06009615384615385
4 0.2512019230769231 0.7055288461538461 0.24759615384615385 0.11298076923076923
5 0.23557692307692307 0.7848557692307693 0.15384615384615385 0.057692307692307696
0 0.1622596153846154 0.8617788461538461 0.14903846153846154 0.07211538461538461
2 0.7271634615384616 0.7920673076923077 0.1346153846153846 0.22115384615384615
1 0.6947115384615384 0.4411057692307692 0.2403846153846154 0.06490384615384616
1 0.8100961538461539 0.2668269230769231 0.27163461538461536 0.07451923076923077