4 0.14423076923076922 0.25841346153846156 0.13942307692307693 0.13942307692307693
0 0.23197115384615385 0.2692307692307692 0.09615384615384616 0.11057692307692307
3 0.34975961538461536 0.30528846153846156 0.1658653846153846 0.038461538461538464
1 0.23317307692307693 0.4411057692307692 0.2091346153846154 0.028846153846153848
4 0.20072115384615385 0.5649038461538461 0.1875 0.11057692307692307
2 0.3870192307692308 0.5649038461538461 0.18269230769230768 0.05048076923076923
5 0.23677884615384615 0.6466346153846154 0.11778846153846154 0.04326923076923077
2 0.38341346153846156 0.6334134615384616 0.18269230769230768 0.055288461538461536
0 0.19110576923076922 0.7415865384615384 0.12980769230769232 0.07211538461538461
2 0.6694711538461539 0.9350961538461539 0.10817307692307693 0.12980769230769232
1 0.6526442307692307 0.3004807692307692 0.20673076923076922 0.038461538461538464