1 0.2800480769230769 0.24639423076923078 0.21394230769230768 0.051682692307692304
5 0.2091346153846154 0.4110576923076923 0.12139423076923077 0.051682692307692304
0 0.36899038461538464 0.41586538461538464 0.18028846153846154 0.05048076923076923
4 0.19230769230769232 0.5144230769230769 0.15625 0.11057692307692307
2 0.3786057692307692 0.5288461538461539 0.17668269230769232 0.051682692307692304
2 0.3786057692307692 0.6021634615384616 0.1875 0.054086538461538464
0 0.27403846153846156 0.7043269230769231 0.14182692307692307 0.057692307692307696
3 0.25600961538461536 0.7668269230769231 0.1466346153846154 0.06610576923076923
2 0.6177884615384616 0.7163461538461539 0.10216346153846154 0.18389423076923078
4 0.7475961538461539 0.7740384615384616 0.25841346153846156 0.21153846153846154
1 0.6598557692307693 0.42788461538461536 0.21394230769230768 0.057692307692307696