4 0.2247596153846154 0.22716346153846154 0.2091346153846154 0.13942307692307693
3 0.38822115384615385 0.25961538461538464 0.1346153846153846 0.06971153846153846
1 0.26322115384615385 0.421875 0.17067307692307693 0.04567307692307692
5 0.44471153846153844 0.42427884615384615 0.10817307692307693 0.04807692307692308
2 0.24879807692307693 0.546875 0.20432692307692307 0.057692307692307696
0 0.44350961538461536 0.5408653846153846 0.15144230769230768 0.0673076923076923
0 0.2283653846153846 0.7079326923076923 0.1346153846153846 0.08413461538461539
2 0.3329326923076923 0.8497596153846154 0.1778846153846154 0.09134615384615384
4 0.8545673076923077 0.7355769230769231 0.29086538461538464 0.2980769230769231
2 0.6887019230769231 0.7235576923076923 0.10576923076923077 0.20192307692307693
1 0.7427884615384616 0.25841346153846156 0.2644230769230769 0.06009615384615385