3 0.22716346153846154 0.20552884615384615 0.1658653846153846 0.08173076923076923
4 0.3557692307692308 0.203125 0.17067307692307693 0.0889423076923077
2 0.20552884615384615 0.33533653846153844 0.0889423076923077 0.16346153846153846
5 0.2608173076923077 0.5336538461538461 0.13221153846153846 0.052884615384615384
1 0.328125 0.6009615384615384 0.17548076923076922 0.04567307692307692
0 0.38341346153846156 0.71875 0.16346153846153846 0.08173076923076923
4 0.35336538461538464 0.796875 0.25240384615384615 0.0889423076923077
2 0.6442307692307693 0.9110576923076923 0.12259615384615384 0.17548076923076922
2 0.7223557692307693 0.7007211538461539 0.12740384615384615 0.22596153846153846
1 0.7524038461538461 0.3557692307692308 0.37259615384615385 0.052884615384615384
1 0.7139423076923077 0.15745192307692307 0.3004807692307692 0.09615384615384616