4 0.12259615384615384 0.20552884615384615 0.24519230769230768 0.15144230769230768
0 0.3269230769230769 0.25 0.1346153846153846 0.0625
0 0.20552884615384615 0.5625 0.14423076923076922 0.0673076923076923
2 0.40384615384615385 0.5324519230769231 0.09134615384615384 0.06971153846153846
5 0.17908653846153846 0.6286057692307693 0.12740384615384615 0.057692307692307696
1 0.234375 0.7151442307692307 0.21153846153846154 0.0625
3 0.1971153846153846 0.8870192307692307 0.17067307692307693 0.09375
2 0.7391826923076923 0.9242788461538461 0.11298076923076923 0.13942307692307693
4 0.7932692307692307 0.7668269230769231 0.3125 0.22115384615384615
2 0.6670673076923077 0.7103365384615384 0.10336538461538461 0.17548076923076922
1 0.6694711538461539 0.4050480769230769 0.22355769230769232 0.0625