1 0.25721153846153844 0.18389423076923078 0.24519230769230768 0.0673076923076923
1 0.7379807692307693 0.22956730769230768 0.23317307692307693 0.057692307692307696
2 0.1971153846153846 0.30408653846153844 0.0889423076923077 0.16105769230769232
3 0.40625 0.36899038461538464 0.13701923076923078 0.06490384615384616
4 0.41947115384615385 0.16466346153846154 0.18269230769230768 0.14423076923076922
2 0.15985576923076922 0.4963942307692308 0.0889423076923077 0.08173076923076923
4 0.3713942307692308 0.4891826923076923 0.25721153846153844 0.10096153846153846
5 0.2548076923076923 0.5757211538461539 0.12980769230769232 0.06490384615384616
0 0.3918269230769231 0.5757211538461539 0.13942307692307693 0.052884615384615384
0 0.2704326923076923 0.6754807692307693 0.125 0.09615384615384616
2 0.7283653846153846 0.7512019230769231 0.1466346153846154 0.21875