5 0.421875 0.26322115384615385 0.06971153846153846 0.040865384615384616
4 0.19951923076923078 0.5048076923076923 0.18028846153846154 0.10336538461538461
2 0.3713942307692308 0.5192307692307693 0.18269230769230768 0.0625
0 0.30528846153846156 0.5841346153846154 0.25961538461538464 0.07692307692307693
5 0.21514423076923078 0.6887019230769231 0.10096153846153846 0.06009615384615385
1 0.3641826923076923 0.6778846153846154 0.1875 0.06009615384615385
3 0.2247596153846154 0.8449519230769231 0.17067307692307693 0.09615384615384616
2 0.6694711538461539 0.7415865384615384 0.13221153846153846 0.20432692307692307
4 0.6346153846153846 0.3918269230769231 0.2692307692307692 0.1658653846153846
1 0.6442307692307693 0.27524038461538464 0.20673076923076922 0.04807692307692308
2 0.8100961538461539 0.7884615384615384 0.14423076923076922 0.24519230769230768