5 0.22716346153846154 0.23076923076923078 0.17427884615384615 0.051682692307692304
4 0.375 0.22355769230769232 0.14423076923076922 0.08413461538461539
0 0.23197115384615385 0.3918269230769231 0.16466346153846154 0.057692307692307696
1 0.6862980769230769 0.39302884615384615 0.25240384615384615 0.057692307692307696
1 0.19951923076923078 0.5168269230769231 0.16706730769230768 0.039663461538461536
2 0.43509615384615385 0.5132211538461539 0.08533653846153846 0.06129807692307692
0 0.3918269230769231 0.5901442307692307 0.12980769230769232 0.04927884615384615
2 0.24519230769230768 0.6875 0.18870192307692307 0.06370192307692307
5 0.3641826923076923 0.6730769230769231 0.04326923076923077 0.040865384615384616
3 0.25240384615384615 0.8473557692307693 0.15745192307692307 0.09495192307692307
4 0.6706730769230769 0.9026442307692307 0.2403846153846154 0.19471153846153846
2 0.6262019230769231 0.6983173076923077 0.09014423076923077 0.18990384615384615