2 0.171875 0.19591346153846154 0.10576923076923077 0.16826923076923078
2 0.4026442307692308 0.21153846153846154 0.07211538461538461 0.15865384615384615
2 0.13822115384615385 0.3737980769230769 0.10336538461538461 0.16826923076923078
1 0.33533653846153844 0.41586538461538464 0.20192307692307693 0.03125
1 0.6947115384615384 0.2692307692307692 0.23317307692307693 0.04326923076923077
0 0.39663461538461536 0.5528846153846154 0.14182692307692307 0.04567307692307692
0 0.38100961538461536 0.6310096153846154 0.15625 0.05048076923076923
4 0.19471153846153846 0.6382211538461539 0.22115384615384615 0.08653846153846154
4 0.33413461538461536 0.71875 0.1346153846153846 0.1201923076923077
3 0.21634615384615385 0.8209134615384616 0.17307692307692307 0.08413461538461539
5 0.18990384615384615 0.9254807692307693 0.15384615384615385 0.07692307692307693