2 0.20673076923076922 0.23918269230769232 0.21875 0.0673076923076923
4 0.35697115384615385 0.2247596153846154 0.21153846153846154 0.1201923076923077
3 0.27524038461538464 0.41586538461538464 0.1201923076923077 0.04326923076923077
0 0.39302884615384615 0.41586538461538464 0.1346153846153846 0.05048076923076923
5 0.1875 0.5384615384615384 0.13701923076923078 0.052884615384615384
3 0.3798076923076923 0.6081730769230769 0.0889423076923077 0.040865384615384616
1 0.21754807692307693 0.6069711538461539 0.17067307692307693 0.055288461538461536
4 0.26802884615384615 0.6850961538461539 0.22115384615384615 0.09375
2 0.23317307692307693 0.7680288461538461 0.19230769230769232 0.07451923076923077
0 0.24639423076923078 0.8605769230769231 0.1466346153846154 0.07451923076923077
2 0.6754807692307693 0.7451923076923077 0.1201923076923077 0.20673076923076922
1 0.7151442307692307 0.28125 0.28846153846153844 0.057692307692307696