0 0.1310096153846154 0.23317307692307693 0.09615384615384616 0.12259615384615384
2 0.3737980769230769 0.43990384615384615 0.19951923076923078 0.0625
4 0.37740384615384615 0.5420673076923077 0.22115384615384615 0.09134615384615384
3 0.18990384615384615 0.6358173076923077 0.14903846153846154 0.06490384615384616
0 0.38822115384615385 0.6334134615384616 0.1466346153846154 0.06009615384615385
2 0.2620192307692308 0.7211538461538461 0.1875 0.08653846153846154
5 0.29086538461538464 0.8641826923076923 0.1346153846153846 0.06971153846153846
2 0.6730769230769231 0.7776442307692307 0.10576923076923077 0.20673076923076922
4 0.8461538461538461 0.8161057692307693 0.27403846153846156 0.23798076923076922
1 0.71875 0.46153846153846156 0.23557692307692307 0.0625
1 0.6995192307692307 0.32091346153846156 0.21634615384615385 0.055288461538461536