2 0.17548076923076922 0.1935096153846154 0.08413461538461539 0.15625
0 0.4206730769230769 0.27283653846153844 0.10697115384615384 0.03365384615384615
1 0.1971153846153846 0.40625 0.1658653846153846 0.038461538461538464
2 0.3161057692307692 0.36778846153846156 0.0673076923076923 0.14182692307692307
5 0.40024038461538464 0.4206730769230769 0.11177884615384616 0.046875
0 0.38822115384615385 0.5384615384615384 0.15264423076923078 0.06129807692307692
1 0.3161057692307692 0.5973557692307693 0.1971153846153846 0.039663461538461536
3 0.17427884615384615 0.7103365384615384 0.1346153846153846 0.07572115384615384
4 0.3088942307692308 0.6826923076923077 0.15865384615384615 0.07932692307692307
2 0.27283653846153844 0.8461538461538461 0.18629807692307693 0.08173076923076923
4 0.7932692307692307 0.7596153846153846 0.30288461538461536 0.28846153846153844