4 0.12980769230769232 0.19230769230769232 0.24759615384615385 0.14182692307692307
0 0.33533653846153844 0.2439903846153846 0.13221153846153846 0.057692307692307696
0 0.203125 0.5516826923076923 0.14423076923076922 0.0625
2 0.4026442307692308 0.5288461538461539 0.09134615384615384 0.0673076923076923
5 0.17427884615384615 0.6177884615384616 0.125 0.052884615384615384
1 0.22716346153846154 0.7055288461538461 0.21153846153846154 0.055288461538461536
3 0.18389423076923078 0.8762019230769231 0.16826923076923078 0.0889423076923077
2 0.7247596153846154 0.9326923076923077 0.10817307692307693 0.1346153846153846
4 0.7836538461538461 0.7764423076923077 0.3076923076923077 0.21153846153846154
2 0.6598557692307693 0.7163461538461539 0.09615384615384616 0.17307692307692307
1 0.6730769230769231 0.4110576923076923 0.22115384615384615 0.052884615384615384