2 0.2776442307692308 0.15985576923076922 0.10096153846153846 0.16105769230769232
2 0.41586538461538464 0.17067307692307693 0.08413461538461539 0.15865384615384615
2 0.1935096153846154 0.33533653846153844 0.09375 0.17067307692307693
0 0.15985576923076922 0.19831730769230768 0.13701923076923078 0.08653846153846154
4 0.38100961538461536 0.36778846153846156 0.23076923076923078 0.08653846153846154
3 0.4411057692307692 0.5048076923076923 0.08413461538461539 0.04326923076923077
5 0.22956730769230768 0.6009615384615384 0.125 0.06009615384615385
0 0.3918269230769231 0.5793269230769231 0.1346153846153846 0.04326923076923077
3 0.33052884615384615 0.6766826923076923 0.11298076923076923 0.06009615384615385
4 0.23197115384615385 0.7584134615384616 0.17548076923076922 0.06971153846153846
1 0.765625 0.3701923076923077 0.2548076923076923 0.0625
1 0.7355769230769231 0.22355769230769232 0.22596153846153846 0.04567307692307692