2 0.17067307692307693 0.1971153846153846 0.21875 0.06850961538461539
0 0.13822115384615385 0.34375 0.1502403846153846 0.09495192307692307
4 0.296875 0.32572115384615385 0.13581730769230768 0.1502403846153846
2 0.17067307692307693 0.4951923076923077 0.18990384615384615 0.054086538461538464
2 0.359375 0.49038461538461536 0.17307692307692307 0.05048076923076923
5 0.1935096153846154 0.5721153846153846 0.15504807692307693 0.051682692307692304
0 0.15504807692307693 0.6634615384615384 0.13221153846153846 0.06850961538461539
3 0.34134615384615385 0.6442307692307693 0.15625 0.07091346153846154
4 0.2127403846153846 0.7980769230769231 0.22716346153846154 0.09134615384615384
1 0.6574519230769231 0.36658653846153844 0.26322115384615385 0.056490384615384616
1 0.6298076923076923 0.2127403846153846 0.22596153846153846 0.04807692307692308