1 0.19110576923076922 0.23197115384615385 0.18990384615384615 0.052884615384615384
2 0.16947115384615385 0.3557692307692308 0.11778846153846154 0.16346153846153846
4 0.3954326923076923 0.375 0.23076923076923078 0.09134615384615384
5 0.24278846153846154 0.5336538461538461 0.15384615384615385 0.057692307692307696
4 0.41586538461538464 0.4987980769230769 0.20673076923076922 0.11298076923076923
0 0.40024038461538464 0.5793269230769231 0.12259615384615384 0.040865384615384616
1 0.31009615384615385 0.6875 0.20432692307692307 0.0673076923076923
3 0.2692307692307692 0.7752403846153846 0.1658653846153846 0.07451923076923077
2 0.7596153846153846 0.9014423076923077 0.12259615384615384 0.17548076923076922
2 0.6887019230769231 0.6802884615384616 0.11298076923076923 0.1971153846153846
0 0.8185096153846154 0.7776442307692307 0.22355769230769232 0.0985576923076923