3 0.34134615384615385 0.25841346153846156 0.04807692307692308 0.02403846153846154
0 0.42908653846153844 0.25961538461538464 0.1201923076923077 0.028846153846153848
3 0.15504807692307693 0.4026442307692308 0.13942307692307693 0.06971153846153846
2 0.25721153846153844 0.3581730769230769 0.09615384615384616 0.15384615384615385
0 0.390625 0.4074519230769231 0.15865384615384615 0.04807692307692308
2 0.1935096153846154 0.5264423076923077 0.19230769230769232 0.05048076923076923
2 0.38822115384615385 0.5300480769230769 0.19471153846153846 0.04807692307692308
4 0.2848557692307692 0.6814903846153846 0.21634615384615385 0.09375
1 0.25600961538461536 0.7620192307692307 0.19230769230769232 0.0625
4 0.31850961538461536 0.8425480769230769 0.20673076923076922 0.1201923076923077
5 0.6622596153846154 0.7668269230769231 0.13221153846153846 0.11298076923076923
1 0.6706730769230769 0.4206730769230769 0.22115384615384615 0.052884615384615384