2 0.26802884615384615 0.21995192307692307 0.0985576923076923 0.15625
2 0.4074519230769231 0.23197115384615385 0.07451923076923077 0.14423076923076922
4 0.21394230769230768 0.41466346153846156 0.1971153846153846 0.10576923076923077
1 0.37740384615384615 0.4362980769230769 0.12740384615384615 0.04807692307692308
5 0.19471153846153846 0.5757211538461539 0.12740384615384615 0.04807692307692308
3 0.17427884615384615 0.6346153846153846 0.125 0.07451923076923077
0 0.36899038461538464 0.6322115384615384 0.13701923076923078 0.040865384615384616
4 0.2860576923076923 0.7127403846153846 0.20192307692307693 0.09134615384615384
0 0.2403846153846154 0.8149038461538461 0.15625 0.06490384615384616
2 0.6766826923076923 0.7728365384615384 0.12259615384615384 0.20432692307692307
1 0.71875 0.4423076923076923 0.24759615384615385 0.052884615384615384