5 0.21754807692307693 0.2403846153846154 0.17548076923076922 0.057692307692307696
4 0.36538461538461536 0.2283653846153846 0.1466346153846154 0.0889423076923077
0 0.2283653846153846 0.4014423076923077 0.1658653846153846 0.0625
1 0.6826923076923077 0.3870192307692308 0.2548076923076923 0.0673076923076923
1 0.20072115384615385 0.5276442307692307 0.16826923076923078 0.04567307692307692
2 0.43509615384615385 0.515625 0.08653846153846154 0.06490384615384616
0 0.3954326923076923 0.59375 0.13221153846153846 0.052884615384615384
2 0.25240384615384615 0.6959134615384616 0.18990384615384615 0.06971153846153846
5 0.3701923076923077 0.6778846153846154 0.04567307692307692 0.04326923076923077
3 0.2644230769230769 0.8557692307692307 0.16105769230769232 0.10096153846153846
4 0.6850961538461539 0.8966346153846154 0.24759615384615385 0.20192307692307693
2 0.6334134615384616 0.6935096153846154 0.09615384615384616 0.19230769230769232