1 0.19471153846153846 0.14783653846153846 0.19951923076923078 0.055288461538461536
5 0.40384615384615385 0.18028846153846154 0.11538461538461539 0.04807692307692308
1 0.21153846153846154 0.3245192307692308 0.21394230769230768 0.05048076923076923
5 0.2956730769230769 0.4639423076923077 0.06009615384615385 0.055288461538461536
4 0.1814903846153846 0.4338942307692308 0.1875 0.10817307692307693
3 0.22235576923076922 0.5348557692307693 0.16346153846153846 0.0625
4 0.37259615384615385 0.5252403846153846 0.1778846153846154 0.0673076923076923
3 0.375 0.6286057692307693 0.09134615384615384 0.040865384615384616
0 0.26322115384615385 0.6117788461538461 0.18269230769230768 0.09375
2 0.6189903846153846 0.6538461538461539 0.11298076923076923 0.18509615384615385
2 0.7079326923076923 0.6911057692307693 0.13221153846153846 0.20432692307692307
2 0.8377403846153846 0.7319711538461539 0.15625 0.23317307692307693