5 0.3942307692307692 0.2608173076923077 0.10336538461538461 0.054086538461538464
0 0.28966346153846156 0.3870192307692308 0.15985576923076922 0.09134615384615384
0 0.16346153846153846 0.5372596153846154 0.0889423076923077 0.06129807692307692
4 0.2860576923076923 0.5144230769230769 0.1658653846153846 0.09735576923076923
3 0.4026442307692308 0.6069711538461539 0.09735576923076923 0.03365384615384615
4 0.21995192307692307 0.6935096153846154 0.19471153846153846 0.11177884615384616
3 0.34375 0.6935096153846154 0.0985576923076923 0.06490384615384616
1 0.6754807692307693 0.2668269230769231 0.26322115384615385 0.051682692307692304
1 0.8112980769230769 0.46274038461538464 0.25600961538461536 0.06129807692307692
2 0.6442307692307693 0.7367788461538461 0.10216346153846154 0.20192307692307693
2 0.7163461538461539 0.765625 0.12980769230769232 0.22596153846153846
2 0.5661057692307693 0.9038461538461539 0.09375 0.1778846153846154