5 0.4026442307692308 0.25721153846153844 0.10576923076923077 0.057692307692307696
0 0.2932692307692308 0.3798076923076923 0.16346153846153846 0.09615384615384616
0 0.1622596153846154 0.5252403846153846 0.09134615384615384 0.06490384615384616
4 0.2860576923076923 0.5072115384615384 0.16826923076923078 0.10336538461538461
3 0.39903846153846156 0.6033653846153846 0.0985576923076923 0.036057692307692304
4 0.21394230769230768 0.6838942307692307 0.19951923076923078 0.11778846153846154
3 0.33653846153846156 0.6875 0.10096153846153846 0.0673076923076923
1 0.6838942307692307 0.27283653846153844 0.2644230769230769 0.06009615384615385
1 0.8125 0.4735576923076923 0.25721153846153844 0.06971153846153846
2 0.6358173076923077 0.7415865384615384 0.10817307692307693 0.20432692307692307
2 0.7067307692307693 0.7728365384615384 0.13701923076923078 0.23076923076923078
2 0.5516826923076923 0.90625 0.10096153846153846 0.18028846153846154