2 0.13822115384615385 0.15504807692307693 0.0889423076923077 0.15865384615384615
3 0.36899038461538464 0.23677884615384615 0.18269230769230768 0.052884615384615384
1 0.23557692307692307 0.38341346153846156 0.22115384615384615 0.057692307692307696
2 0.38100961538461536 0.5096153846153846 0.1778846153846154 0.055288461538461536
4 0.18870192307692307 0.49158653846153844 0.1875 0.10576923076923077
5 0.2283653846153846 0.5841346153846154 0.1346153846153846 0.04807692307692308
0 0.38341346153846156 0.5817307692307693 0.14182692307692307 0.08413461538461539
0 0.17668269230769232 0.6754807692307693 0.12980769230769232 0.07451923076923077
4 0.2247596153846154 0.8040865384615384 0.22596153846153846 0.10096153846153846
2 0.6947115384615384 0.7259615384615384 0.10096153846153846 0.1971153846153846
1 0.7007211538461539 0.2548076923076923 0.25240384615384615 0.06009615384615385