2 0.203125 0.24519230769230768 0.21875 0.0625
4 0.35216346153846156 0.22716346153846154 0.2091346153846154 0.11538461538461539
3 0.27403846153846156 0.4206730769230769 0.1201923076923077 0.040865384615384616
0 0.3918269230769231 0.4170673076923077 0.1346153846153846 0.04807692307692308
5 0.1875 0.5432692307692307 0.1346153846153846 0.05048076923076923
3 0.38100961538461536 0.609375 0.08653846153846154 0.040865384615384616
1 0.21875 0.6117788461538461 0.16826923076923078 0.052884615384615384
4 0.27163461538461536 0.6899038461538461 0.21875 0.0889423076923077
2 0.23798076923076922 0.7728365384615384 0.18990384615384615 0.07211538461538461
0 0.2536057692307692 0.8641826923076923 0.14423076923076922 0.07211538461538461
2 0.6802884615384616 0.7427884615384616 0.11778846153846154 0.20432692307692307
1 0.7115384615384616 0.2776442307692308 0.2860576923076923 0.052884615384615384