2 0.15384615384615385 0.17668269230769232 0.0985576923076923 0.17307692307692307
4 0.39783653846153844 0.23798076923076922 0.19230769230769232 0.09375
0 0.16947115384615385 0.4014423076923077 0.1346153846153846 0.08173076923076923
2 0.2932692307692308 0.36778846153846156 0.08653846153846154 0.15144230769230768
2 0.18990384615384615 0.5348557692307693 0.20673076923076922 0.057692307692307696
5 0.39903846153846156 0.5528846153846154 0.10336538461538461 0.052884615384615384
0 0.31850961538461536 0.6274038461538461 0.12740384615384615 0.052884615384615384
3 0.19831730769230768 0.7379807692307693 0.1778846153846154 0.06490384615384616
4 0.19110576923076922 0.890625 0.24519230769230768 0.10336538461538461
1 0.6658653846153846 0.44591346153846156 0.23076923076923078 0.057692307692307696
1 0.7548076923076923 0.28365384615384615 0.3173076923076923 0.052884615384615384