1 0.27163461538461536 0.2548076923076923 0.21634615384615385 0.06009615384615385
5 0.20673076923076922 0.4206730769230769 0.12259615384615384 0.055288461538461536
0 0.36658653846153844 0.4206730769230769 0.18269230769230768 0.057692307692307696
4 0.1935096153846154 0.5252403846153846 0.16105769230769232 0.11538461538461539
2 0.3798076923076923 0.5336538461538461 0.1778846153846154 0.057692307692307696
2 0.38221153846153844 0.6057692307692307 0.18990384615384615 0.06009615384615385
0 0.28125 0.7115384615384616 0.14423076923076922 0.0625
3 0.265625 0.7752403846153846 0.14903846153846154 0.07211538461538461
2 0.625 0.7115384615384616 0.10817307692307693 0.1875
4 0.7572115384615384 0.765625 0.2668269230769231 0.22115384615384615
1 0.6574519230769231 0.421875 0.21634615384615385 0.06490384615384616