2 0.28966346153846156 0.15264423076923078 0.09615384615384616 0.15745192307692307
2 0.42788461538461536 0.16826923076923078 0.078125 0.15504807692307693
2 0.19951923076923078 0.3245192307692308 0.08774038461538461 0.16706730769230768
0 0.17067307692307693 0.18629807692307693 0.13341346153846154 0.08173076923076923
4 0.3858173076923077 0.3641826923076923 0.22716346153846154 0.078125
3 0.4411057692307692 0.5024038461538461 0.08173076923076923 0.039663461538461536
5 0.22596153846153846 0.5913461538461539 0.12259615384615384 0.056490384615384616
0 0.3894230769230769 0.5757211538461539 0.13341346153846154 0.039663461538461536
3 0.3245192307692308 0.6706730769230769 0.11057692307692307 0.056490384615384616
4 0.22355769230769232 0.7487980769230769 0.17307692307692307 0.06490384615384616
1 0.7704326923076923 0.3798076923076923 0.25240384615384615 0.052884615384615384
1 0.7451923076923077 0.23197115384615385 0.22596153846153846 0.037259615384615384