2 0.14302884615384615 0.15504807692307693 0.09134615384615384 0.16947115384615385
3 0.2848557692307692 0.21995192307692307 0.1466346153846154 0.06129807692307692
4 0.15745192307692307 0.3713942307692308 0.1971153846153846 0.10096153846153846
1 0.3473557692307692 0.38221153846153844 0.1971153846153846 0.040865384615384616
5 0.18389423076923078 0.5228365384615384 0.11899038461538461 0.04807692307692308
4 0.3918269230769231 0.4963942307692308 0.21514423076923078 0.09014423076923077
0 0.3293269230769231 0.5829326923076923 0.16346153846153846 0.06971153846153846
0 0.18629807692307693 0.7151442307692307 0.13341346153846154 0.06370192307692307
2 0.6358173076923077 0.9206730769230769 0.09495192307692307 0.15745192307692307
2 0.7451923076923077 0.9567307692307693 0.11057692307692307 0.08653846153846154
1 0.6045673076923077 0.4026442307692308 0.20552884615384615 0.04927884615384615