2 0.15384615384615385 0.17067307692307693 0.0985576923076923 0.16826923076923078
3 0.29447115384615385 0.23557692307692307 0.1466346153846154 0.06490384615384616
1 0.36538461538461536 0.390625 0.22355769230769232 0.03125
0 0.19951923076923078 0.5408653846153846 0.17548076923076922 0.06490384615384616
4 0.34615384615384615 0.5889423076923077 0.2283653846153846 0.0673076923076923
0 0.2091346153846154 0.7319711538461539 0.14903846153846154 0.07211538461538461
5 0.2536057692307692 0.7764423076923077 0.11538461538461539 0.07451923076923077
4 0.32091346153846156 0.8425480769230769 0.20673076923076922 0.10336538461538461
2 0.6995192307692307 0.921875 0.11538461538461539 0.15144230769230768
2 0.8269230769230769 0.9519230769230769 0.11538461538461539 0.08653846153846154
1 0.6550480769230769 0.40384615384615385 0.21634615384615385 0.06009615384615385