5 0.20793269230769232 0.23557692307692307 0.17067307692307693 0.04447115384615385
3 0.39663461538461536 0.24519230769230768 0.11177884615384616 0.04807692307692308
2 0.33774038461538464 0.4050480769230769 0.1971153846153846 0.06009615384615385
3 0.21995192307692307 0.53125 0.06129807692307692 0.037259615384615384
0 0.3713942307692308 0.6057692307692307 0.1502403846153846 0.05889423076923077
4 0.19951923076923078 0.6021634615384616 0.2091346153846154 0.0673076923076923
1 0.24158653846153846 0.6923076923076923 0.19951923076923078 0.05048076923076923
4 0.21875 0.7716346153846154 0.21995192307692307 0.06610576923076923
0 0.2800480769230769 0.8533653846153846 0.12379807692307693 0.07932692307692307
2 0.8088942307692307 0.7980769230769231 0.13221153846153846 0.24158653846153846
2 0.6646634615384616 0.7403846153846154 0.12139423076923077 0.2091346153846154
1 0.6646634615384616 0.25 0.25 0.046875