3 0.39903846153846156 0.21033653846153846 0.11538461538461539 0.0625
1 0.2247596153846154 0.3641826923076923 0.21153846153846154 0.03365384615384615
1 0.6274038461538461 0.36899038461538464 0.19230769230769232 0.04326923076923077
0 0.39903846153846156 0.4675480769230769 0.13942307692307693 0.09615384615384616
5 0.3076923076923077 0.4963942307692308 0.06490384615384616 0.04807692307692308
5 0.22596153846153846 0.6682692307692307 0.09134615384615384 0.04807692307692308
3 0.3894230769230769 0.6526442307692307 0.09615384615384616 0.03365384615384615
2 0.6177884615384616 0.6622596153846154 0.10096153846153846 0.18269230769230768
2 0.6081730769230769 0.8509615384615384 0.09375 0.16826923076923078
4 0.25240384615384615 0.8016826923076923 0.23798076923076922 0.0985576923076923
4 0.19951923076923078 0.47716346153846156 0.17548076923076922 0.09134615384615384