3 0.23197115384615385 0.20072115384615385 0.16346153846153846 0.07932692307692307
4 0.3605769230769231 0.20072115384615385 0.16947115384615385 0.08533653846153846
2 0.20793269230769232 0.33052884615384615 0.08533653846153846 0.1622596153846154
5 0.2608173076923077 0.5300480769230769 0.13221153846153846 0.05048076923076923
1 0.3269230769230769 0.5973557692307693 0.17427884615384615 0.04326923076923077
0 0.3798076923076923 0.7163461538461539 0.16105769230769232 0.07932692307692307
4 0.3485576923076923 0.7944711538461539 0.2512019230769231 0.08533653846153846
2 0.6370192307692307 0.9134615384615384 0.11899038461538461 0.17307692307692307
2 0.71875 0.7043269230769231 0.12259615384615384 0.2247596153846154
1 0.7548076923076923 0.3605769230769231 0.3713942307692308 0.04567307692307692
1 0.7199519230769231 0.16105769230769232 0.2980769230769231 0.09134615384615384