2 0.14783653846153846 0.18269230769230768 0.09615384615384616 0.17067307692307693
4 0.39302884615384615 0.2403846153846154 0.18990384615384615 0.09134615384615384
0 0.16826923076923078 0.4074519230769231 0.1346153846153846 0.08173076923076923
2 0.29086538461538464 0.3713942307692308 0.08413461538461539 0.14903846153846154
2 0.19110576923076922 0.5396634615384616 0.20673076923076922 0.055288461538461536
5 0.40024038461538464 0.5540865384615384 0.10096153846153846 0.05048076923076923
0 0.32091346153846156 0.6310096153846154 0.125 0.052884615384615384
3 0.20192307692307693 0.7427884615384616 0.1778846153846154 0.0625
4 0.19831730769230768 0.8954326923076923 0.24278846153846154 0.0985576923076923
1 0.6646634615384616 0.44350961538461536 0.23076923076923078 0.052884615384615384
1 0.7512019230769231 0.27884615384615385 0.3173076923076923 0.04807692307692308