5 0.09615384615384616 0.20072115384615385 0.15384615384615385 0.052884615384615384
4 0.12740384615384615 0.3389423076923077 0.2091346153846154 0.13221153846153846
0 0.34975961538461536 0.38461538461538464 0.15625 0.055288461538461536
0 0.1045673076923077 0.4891826923076923 0.13221153846153846 0.08413461538461539
3 0.36778846153846156 0.5 0.09375 0.06971153846153846
4 0.31490384615384615 0.5697115384615384 0.2283653846153846 0.07211538461538461
1 0.20793269230769232 0.6802884615384616 0.16105769230769232 0.05048076923076923
2 0.6550480769230769 0.9170673076923077 0.10817307692307693 0.1658653846153846
2 0.8052884615384616 0.7572115384615384 0.12740384615384615 0.21153846153846154
2 0.6490384615384616 0.7139423076923077 0.10817307692307693 0.20673076923076922
1 0.703125 0.22716346153846154 0.28846153846153844 0.055288461538461536