3 0.3545673076923077 0.25 0.05048076923076923 0.026442307692307692
0 0.4423076923076923 0.25600961538461536 0.12259615384615384 0.036057692307692304
3 0.16105769230769232 0.38461538461538464 0.14182692307692307 0.07692307692307693
2 0.2644230769230769 0.34615384615384615 0.10336538461538461 0.15625
0 0.3954326923076923 0.4014423076923077 0.15865384615384615 0.057692307692307696
2 0.19230769230769232 0.5108173076923077 0.19230769230769232 0.06009615384615385
2 0.3870192307692308 0.5240384615384616 0.1971153846153846 0.06009615384615385
4 0.27524038461538464 0.6694711538461539 0.21875 0.10576923076923077
1 0.24278846153846154 0.7487980769230769 0.1971153846153846 0.07211538461538461
4 0.3004807692307692 0.8329326923076923 0.21394230769230768 0.12980769230769232
5 0.6478365384615384 0.7752403846153846 0.13701923076923078 0.1201923076923077
1 0.6742788461538461 0.43028846153846156 0.22355769230769232 0.06490384615384616