5 0.11177884615384616 0.1935096153846154 0.15384615384615385 0.04807692307692308
3 0.35336538461538464 0.21394230769230768 0.13221153846153846 0.0625
0 0.3629807692307692 0.38341346153846156 0.15504807692307693 0.05048076923076923
0 0.11658653846153846 0.4891826923076923 0.12980769230769232 0.0829326923076923
4 0.30649038461538464 0.47836538461538464 0.2439903846153846 0.10697115384615384
4 0.32572115384615385 0.5709134615384616 0.23197115384615385 0.06370192307692307
2 0.19951923076923078 0.6875 0.20192307692307693 0.078125
2 0.22235576923076922 0.7596153846153846 0.1971153846153846 0.08052884615384616
2 0.6550480769230769 0.9230769230769231 0.1141826923076923 0.15384615384615385
1 0.6610576923076923 0.3894230769230769 0.22115384615384615 0.056490384615384616
1 0.7223557692307693 0.22716346153846154 0.3137019230769231 0.042067307692307696