0 0.40625 0.25841346153846156 0.13341346153846154 0.02283653846153846
5 0.15985576923076922 0.41466346153846156 0.17067307692307693 0.055288461538461536
0 0.36538461538461536 0.4110576923076923 0.1622596153846154 0.04807692307692308
3 0.15625 0.546875 0.14423076923076922 0.078125
4 0.33653846153846156 0.5240384615384616 0.21754807692307693 0.09254807692307693
2 0.18629807692307693 0.6286057692307693 0.21634615384615385 0.056490384615384616
4 0.24278846153846154 0.6995192307692307 0.22115384615384615 0.09615384615384616
1 0.2247596153846154 0.78125 0.20552884615384615 0.06490384615384616
2 0.671875 0.7548076923076923 0.11778846153846154 0.20793269230769232
2 0.8040865384615384 0.7956730769230769 0.13822115384615385 0.22115384615384615
1 0.6574519230769231 0.41947115384615385 0.22596153846153846 0.04807692307692308