4 0.35336538461538464 0.21995192307692307 0.21033653846153846 0.10576923076923077
5 0.13581730769230768 0.41586538461538464 0.13581730769230768 0.05048076923076923
0 0.3701923076923077 0.41586538461538464 0.15384615384615385 0.04807692307692308
0 0.12620192307692307 0.5192307692307693 0.13341346153846154 0.08173076923076923
3 0.21394230769230768 0.6262019230769231 0.2091346153846154 0.056490384615384616
4 0.3293269230769231 0.6033653846153846 0.21634615384615385 0.056490384615384616
2 0.21754807692307693 0.7211538461538461 0.20432692307692307 0.08052884615384616
2 0.6778846153846154 0.9326923076923077 0.1201923076923077 0.13341346153846154
2 0.6382211538461539 0.7295673076923077 0.1045673076923077 0.20432692307692307
1 0.6658653846153846 0.41586538461538464 0.23798076923076922 0.056490384615384616
1 0.7055288461538461 0.2548076923076923 0.27524038461538464 0.04927884615384615