2 0.24158653846153846 0.16826923076923078 0.10336538461538461 0.17067307692307693
2 0.3641826923076923 0.34134615384615385 0.08653846153846154 0.14423076923076922
3 0.21514423076923078 0.39783653846153844 0.15865384615384615 0.04567307692307692
0 0.45072115384615385 0.4807692307692308 0.13221153846153846 0.10817307692307693
4 0.21875 0.4855769230769231 0.12259615384615384 0.13221153846153846
1 0.28725961538461536 0.5841346153846154 0.19951923076923078 0.052884615384615384
3 0.42788461538461536 0.8197115384615384 0.13701923076923078 0.07692307692307693
4 0.42908653846153844 0.6682692307692307 0.1658653846153846 0.08653846153846154
2 0.6370192307692307 0.8942307692307693 0.10817307692307693 0.1875
5 0.6935096153846154 0.3918269230769231 0.19230769230769232 0.09615384615384616
1 0.7247596153846154 0.2439903846153846 0.25240384615384615 0.05048076923076923