1 0.1045673076923077 0.24519230769230768 0.2091346153846154 0.052884615384615384
0 0.3425480769230769 0.2644230769230769 0.12259615384615384 0.05048076923076923
4 0.11778846153846154 0.4074519230769231 0.1971153846153846 0.12740384615384615
5 0.34375 0.4170673076923077 0.11778846153846154 0.04567307692307692
2 0.14783653846153846 0.5540865384615384 0.21153846153846154 0.057692307692307696
0 0.16826923076923078 0.7199519230769231 0.14182692307692307 0.0673076923076923
4 0.20793269230769232 0.7992788461538461 0.27403846153846156 0.09134615384615384
3 0.6646634615384616 0.9471153846153846 0.1466346153846154 0.10336538461538461
2 0.6442307692307693 0.7235576923076923 0.10336538461538461 0.18990384615384615
2 0.7608173076923077 0.7584134615384616 0.12740384615384615 0.21634615384615385
1 0.6742788461538461 0.4050480769230769 0.22596153846153846 0.052884615384615384