3 0.17908653846153846 0.20072115384615385 0.15384615384615385 0.07692307692307693
4 0.3798076923076923 0.21995192307692307 0.23798076923076922 0.07932692307692307
0 0.3737980769230769 0.35697115384615385 0.1658653846153846 0.08653846153846154
5 0.24158653846153846 0.37740384615384615 0.12259615384615384 0.04326923076923077
2 0.34134615384615385 0.5024038461538461 0.19230769230769232 0.052884615384615384
2 0.15745192307692307 0.4987980769230769 0.0625 0.06971153846153846
2 0.27403846153846156 0.5721153846153846 0.18990384615384615 0.055288461538461536
5 0.3173076923076923 0.6646634615384616 0.0985576923076923 0.04326923076923077
1 0.23918269230769232 0.7211538461538461 0.15384615384615385 0.04326923076923077
0 0.8016826923076923 0.7740384615384616 0.20673076923076922 0.14423076923076922
4 0.671875 0.7019230769230769 0.19230769230769232 0.22355769230769232
1 0.6790865384615384 0.3762019230769231 0.30288461538461536 0.052884615384615384