2 0.26802884615384615 0.125 0.09615384615384616 0.17668269230769232
2 0.41225961538461536 0.14182692307692307 0.07692307692307693 0.16466346153846154
0 0.140625 0.1622596153846154 0.14182692307692307 0.09615384615384616
1 0.37259615384615385 0.34975961538461536 0.12259615384615384 0.038461538461538464
5 0.20072115384615385 0.49759615384615385 0.12980769230769232 0.051682692307692304
3 0.41947115384615385 0.4795673076923077 0.07692307692307693 0.04447115384615385
0 0.36778846153846156 0.5528846153846154 0.13221153846153846 0.04326923076923077
4 0.35697115384615385 0.7728365384615384 0.22355769230769232 0.125
3 0.1875 0.8305288461538461 0.12620192307692307 0.07451923076923077
2 0.6766826923076923 0.6778846153846154 0.09735576923076923 0.18389423076923078
4 0.8401442307692307 0.6838942307692307 0.25240384615384615 0.24759615384615385
1 0.7463942307692307 0.3629807692307692 0.23197115384615385 0.055288461538461536