2 0.1814903846153846 0.23076923076923078 0.234375 0.05889423076923077
4 0.33653846153846156 0.20793269230769232 0.23197115384615385 0.11778846153846154
2 0.40384615384615385 0.3545673076923077 0.07211538461538461 0.1466346153846154
3 0.2644230769230769 0.41225961538461536 0.11538461538461539 0.042067307692307696
5 0.16947115384615385 0.5432692307692307 0.13341346153846154 0.055288461538461536
0 0.36538461538461536 0.5264423076923077 0.17067307692307693 0.057692307692307696
3 0.3798076923076923 0.6105769230769231 0.0889423076923077 0.03365384615384615
0 0.1875 0.7415865384615384 0.13822115384615385 0.06850961538461539
4 0.2764423076923077 0.8293269230769231 0.22355769230769232 0.12139423076923077
2 0.6971153846153846 0.7463942307692307 0.10697115384615384 0.20673076923076922
1 0.6598557692307693 0.4230769230769231 0.23197115384615385 0.06129807692307692
1 0.7367788461538461 0.25961538461538464 0.30288461538461536 0.055288461538461536