2 0.2548076923076923 0.2608173076923077 0.21634615384615385 0.06490384615384616
4 0.45552884615384615 0.2403846153846154 0.18028846153846154 0.12980769230769232
1 0.7115384615384616 0.28966346153846156 0.23557692307692307 0.057692307692307696
5 0.3269230769230769 0.4326923076923077 0.11778846153846154 0.04567307692307692
1 0.7259615384615384 0.453125 0.2764423076923077 0.06971153846153846
2 0.41947115384615385 0.5600961538461539 0.19230769230769232 0.057692307692307696
0 0.41466346153846156 0.6430288461538461 0.14182692307692307 0.09615384615384616
5 0.2644230769230769 0.6358173076923077 0.12980769230769232 0.05048076923076923
0 0.203125 0.7355769230769231 0.1346153846153846 0.08413461538461539
3 0.39663461538461536 0.7211538461538461 0.15865384615384615 0.07451923076923077
4 0.25 0.8689903846153846 0.23798076923076922 0.10817307692307693
2 0.7427884615384616 0.8233173076923077 0.11298076923076923 0.2283653846153846