0 0.16947115384615385 0.20432692307692307 0.18990384615384615 0.05048076923076923
2 0.3918269230769231 0.15865384615384615 0.10336538461538461 0.18028846153846154
3 0.1875 0.375 0.16105769230769232 0.06009615384615385
0 0.4026442307692308 0.390625 0.1346153846153846 0.06490384615384616
4 0.36538461538461536 0.49759615384615385 0.21394230769230768 0.10817307692307693
5 0.16826923076923078 0.5925480769230769 0.1346153846153846 0.0673076923076923
2 0.33413461538461536 0.5877403846153846 0.1971153846153846 0.07211538461538461
1 0.20432692307692307 0.7560096153846154 0.20673076923076922 0.06971153846153846
4 0.17668269230769232 0.8521634615384616 0.21153846153846154 0.11298076923076923
2 0.6971153846153846 0.7572115384615384 0.14182692307692307 0.22115384615384615
1 0.6971153846153846 0.41466346153846156 0.24759615384615385 0.07211538461538461