5 0.06850961538461539 0.23557692307692307 0.13701923076923078 0.0625
1 0.25961538461538464 0.24278846153846154 0.18389423076923078 0.04447115384615385
0 0.31850961538461536 0.40865384615384615 0.14423076923076922 0.04447115384615385
0 0.07451923076923077 0.5168269230769231 0.13822115384615385 0.08413461538461539
3 0.30649038461538464 0.5240384615384616 0.1502403846153846 0.07211538461538461
4 0.28365384615384615 0.5961538461538461 0.22716346153846154 0.05889423076923077
4 0.12860576923076922 0.7752403846153846 0.20072115384615385 0.0985576923076923
2 0.5973557692307693 0.9278846153846154 0.10336538461538461 0.14423076923076922
2 0.7319711538461539 0.7800480769230769 0.10817307692307693 0.21394230769230768
2 0.5889423076923077 0.7259615384615384 0.10336538461538461 0.1935096153846154
1 0.6382211538461539 0.2692307692307692 0.2824519230769231 0.03485576923076923