4 0.41947115384615385 0.2247596153846154 0.22596153846153846 0.08413461538461539
2 0.18509615384615385 0.3293269230769231 0.07932692307692307 0.15144230769230768
5 0.2704326923076923 0.38822115384615385 0.10336538461538461 0.036057692307692304
0 0.4026442307692308 0.3701923076923077 0.15625 0.08653846153846154
2 0.36899038461538464 0.5096153846153846 0.17548076923076922 0.052884615384615384
3 0.2127403846153846 0.5072115384615384 0.1346153846153846 0.06009615384615385
2 0.296875 0.5805288461538461 0.18509615384615385 0.057692307692307696
0 0.4387019230769231 0.5841346153846154 0.0985576923076923 0.04807692307692308
1 0.25600961538461536 0.6742788461538461 0.16105769230769232 0.05048076923076923
5 0.4026442307692308 0.8112980769230769 0.11057692307692307 0.05048076923076923
4 0.734375 0.7331730769230769 0.20192307692307693 0.22596153846153846
1 0.7247596153846154 0.3870192307692308 0.27884615384615385 0.04567307692307692