4 0.20072115384615385 0.14783653846153846 0.23076923076923078 0.14423076923076922
4 0.3954326923076923 0.16826923076923078 0.1875 0.11538461538461539
3 0.3125 0.359375 0.10336538461538461 0.05048076923076923
3 0.41346153846153844 0.3545673076923077 0.06490384615384616 0.04326923076923077
5 0.1502403846153846 0.4699519230769231 0.08413461538461539 0.04567307692307692
1 0.3485576923076923 0.45913461538461536 0.14423076923076922 0.04567307692307692
3 0.3088942307692308 0.625 0.0985576923076923 0.06490384615384616
0 0.31009615384615385 0.6971153846153846 0.1971153846153846 0.08173076923076923
2 0.6838942307692307 0.8461538461538461 0.10817307692307693 0.16346153846153846
2 0.7956730769230769 0.6935096153846154 0.11778846153846154 0.19951923076923078
1 0.6838942307692307 0.3545673076923077 0.25 0.04326923076923077