2 0.4206730769230769 0.18509615384615385 0.0985576923076923 0.15865384615384615
4 0.27403846153846156 0.23798076923076922 0.22115384615384615 0.09134615384615384
1 0.23317307692307693 0.4110576923076923 0.18990384615384615 0.052884615384615384
3 0.4362980769230769 0.4074519230769231 0.13701923076923078 0.052884615384615384
1 0.359375 0.5240384615384616 0.20192307692307693 0.052884615384615384
2 0.18629807692307693 0.5456730769230769 0.08653846153846154 0.08173076923076923
5 0.3954326923076923 0.6021634615384616 0.125 0.07211538461538461
4 0.3112980769230769 0.6959134615384616 0.27163461538461536 0.125
0 0.33413461538461536 0.7836538461538461 0.16346153846153846 0.07932692307692307
0 0.2644230769230769 0.8725961538461539 0.14903846153846154 0.07211538461538461
2 0.6947115384615384 0.6971153846153846 0.1201923076923077 0.19471153846153846