1 0.2848557692307692 0.24278846153846154 0.21394230769230768 0.055288461538461536
5 0.21033653846153846 0.40625 0.12259615384615384 0.052884615384615384
0 0.3701923076923077 0.41346153846153844 0.18028846153846154 0.052884615384615384
4 0.19230769230769232 0.5096153846153846 0.15865384615384615 0.11298076923076923
2 0.3786057692307692 0.5264423076923077 0.1778846153846154 0.055288461538461536
2 0.37740384615384615 0.5997596153846154 0.1875 0.057692307692307696
0 0.2704326923076923 0.7007211538461539 0.14182692307692307 0.06009615384615385
3 0.2512019230769231 0.7620192307692307 0.1466346153846154 0.06971153846153846
2 0.6141826923076923 0.71875 0.10576923076923077 0.18509615384615385
4 0.7427884615384616 0.7788461538461539 0.2620192307692308 0.21634615384615385
1 0.6610576923076923 0.43028846153846156 0.21394230769230768 0.0625