2 0.17548076923076922 0.19110576923076922 0.21875 0.07211538461538461
0 0.140625 0.33774038461538464 0.15144230769230768 0.0985576923076923
4 0.3004807692307692 0.32211538461538464 0.13942307692307693 0.15144230769230768
2 0.17067307692307693 0.4891826923076923 0.18990384615384615 0.057692307692307696
2 0.359375 0.4879807692307692 0.17307692307692307 0.052884615384615384
5 0.19230769230769232 0.5673076923076923 0.15625 0.055288461538461536
0 0.15264423076923078 0.6574519230769231 0.13221153846153846 0.06971153846153846
3 0.3389423076923077 0.6418269230769231 0.15865384615384615 0.07451923076923077
4 0.20793269230769232 0.7932692307692307 0.2283653846153846 0.09615384615384616
1 0.6598557692307693 0.36899038461538464 0.2644230769230769 0.06009615384615385
1 0.6346153846153846 0.21514423076923078 0.22596153846153846 0.052884615384615384