0 0.3942307692307692 0.24158653846153846 0.17548076923076922 0.038461538461538464
2 0.12259615384615384 0.3425480769230769 0.1141826923076923 0.17427884615384615
2 0.40865384615384615 0.34615384615384615 0.06610576923076923 0.14903846153846154
4 0.28725961538461536 0.37740384615384615 0.20072115384615385 0.1045673076923077
0 0.18269230769230768 0.5360576923076923 0.1346153846153846 0.04807692307692308
1 0.3629807692307692 0.515625 0.20192307692307693 0.04326923076923077
4 0.3137019230769231 0.5925480769230769 0.234375 0.0625
5 0.30408653846153844 0.7079326923076923 0.12620192307692307 0.0625
3 0.23798076923076922 0.8665865384615384 0.15264423076923078 0.08774038461538461
2 0.6682692307692307 0.7283653846153846 0.109375 0.20192307692307693
1 0.6850961538461539 0.4074519230769231 0.22235576923076922 0.04807692307692308