2 0.18269230769230768 0.18509615384615385 0.11298076923076923 0.17067307692307693
2 0.41225961538461536 0.20793269230769232 0.07932692307692307 0.16105769230769232
2 0.14302884615384615 0.36177884615384615 0.10817307692307693 0.17067307692307693
1 0.3389423076923077 0.4098557692307692 0.20192307692307693 0.038461538461538464
1 0.703125 0.2764423076923077 0.23557692307692307 0.05048076923076923
0 0.3954326923076923 0.5492788461538461 0.14423076923076922 0.05048076923076923
0 0.3762019230769231 0.6262019230769231 0.15865384615384615 0.055288461538461536
4 0.18990384615384615 0.6274038461538461 0.22355769230769232 0.09375
4 0.3269230769230769 0.7127403846153846 0.13701923076923078 0.125
3 0.20552884615384615 0.8112980769230769 0.1778846153846154 0.09134615384615384
5 0.17548076923076922 0.9146634615384616 0.15625 0.08173076923076923