3 0.17427884615384615 0.20673076923076922 0.15264423076923078 0.07451923076923077
4 0.375 0.22235576923076922 0.23677884615384615 0.07451923076923077
0 0.3713942307692308 0.359375 0.16346153846153846 0.0829326923076923
5 0.23918269230769232 0.38221153846153844 0.12139423076923077 0.042067307692307696
2 0.34134615384615385 0.5048076923076923 0.19110576923076922 0.04927884615384615
2 0.15745192307692307 0.5048076923076923 0.06129807692307692 0.06850961538461539
2 0.27524038461538464 0.5757211538461539 0.18870192307692307 0.052884615384615384
5 0.31971153846153844 0.6682692307692307 0.0985576923076923 0.040865384615384616
1 0.24278846153846154 0.7259615384615384 0.15264423076923078 0.040865384615384616
0 0.8064903846153846 0.7692307692307693 0.203125 0.140625
4 0.6754807692307693 0.6983173076923077 0.1875 0.22115384615384615
1 0.6766826923076923 0.37259615384615385 0.3016826923076923 0.04807692307692308