5 0.2776442307692308 0.20552884615384615 0.09134615384615384 0.04807692307692308
4 0.3894230769230769 0.18629807692307693 0.15384615384615385 0.11778846153846154
2 0.24639423076923078 0.31850961538461536 0.09134615384615384 0.15865384615384615
2 0.3942307692307692 0.3125 0.0889423076923077 0.1466346153846154
1 0.203125 0.49399038461538464 0.22115384615384615 0.04807692307692308
0 0.3701923076923077 0.48197115384615385 0.12259615384615384 0.0673076923076923
2 0.34615384615384615 0.5480769230769231 0.18990384615384615 0.06490384615384616
0 0.21394230769230768 0.6598557692307693 0.14423076923076922 0.07451923076923077
4 0.2512019230769231 0.7331730769230769 0.2620192307692308 0.08653846153846154
1 0.2403846153846154 0.7992788461538461 0.16105769230769232 0.0673076923076923
3 0.7091346153846154 0.8954326923076923 0.1466346153846154 0.12980769230769232