2 0.125 0.17427884615384615 0.10096153846153846 0.17307692307692307
3 0.2704326923076923 0.23197115384615385 0.14903846153846154 0.06971153846153846
4 0.15144230769230768 0.3894230769230769 0.20192307692307693 0.11057692307692307
1 0.34134615384615385 0.390625 0.19951923076923078 0.05048076923076923
5 0.18509615384615385 0.5396634615384616 0.1201923076923077 0.055288461538461536
4 0.3918269230769231 0.5024038461538461 0.21875 0.10096153846153846
0 0.33413461538461536 0.5913461538461539 0.1658653846153846 0.07932692307692307
0 0.19831730769230768 0.7307692307692307 0.13701923076923078 0.06971153846153846
2 0.6574519230769231 0.9134615384615384 0.10336538461538461 0.16105769230769232
2 0.7692307692307693 0.9435096153846154 0.11538461538461539 0.09134615384615384
1 0.5997596153846154 0.39783653846153844 0.20673076923076922 0.06009615384615385