2 0.18870192307692307 0.15745192307692307 0.11057692307692307 0.17067307692307693
4 0.3137019230769231 0.19591346153846154 0.12980769230769232 0.1201923076923077
3 0.41586538461538464 0.22355769230769232 0.0889423076923077 0.06971153846153846
2 0.26802884615384615 0.3389423076923077 0.0889423076923077 0.15384615384615385
0 0.17668269230769232 0.49759615384615385 0.1778846153846154 0.10096153846153846
5 0.3713942307692308 0.5168269230769231 0.057692307692307696 0.04326923076923077
3 0.22956730769230768 0.6033653846153846 0.07211538461538461 0.04807692307692308
4 0.36538461538461536 0.578125 0.19471153846153846 0.08173076923076923
1 0.23197115384615385 0.6887019230769231 0.19471153846153846 0.07451923076923077
2 0.3762019230769231 0.6670673076923077 0.12740384615384615 0.09134615384615384
5 0.15865384615384615 0.8497596153846154 0.09615384615384616 0.07211538461538461
1 0.6802884615384616 0.39663461538461536 0.20673076923076922 0.05048076923076923