0 0.17427884615384615 0.22596153846153846 0.16105769230769232 0.10336538461538461
0 0.41225961538461536 0.2764423076923077 0.15384615384615385 0.05048076923076923
2 0.3004807692307692 0.20552884615384615 0.09615384615384616 0.17067307692307693
1 0.2127403846153846 0.39903846153846156 0.1971153846153846 0.05048076923076923
4 0.39903846153846156 0.4050480769230769 0.20432692307692307 0.08653846153846154
2 0.19110576923076922 0.5324519230769231 0.18509615384615385 0.07692307692307693
2 0.3701923076923077 0.5348557692307693 0.18028846153846154 0.06490384615384616
4 0.20552884615384615 0.6057692307692307 0.22596153846153846 0.09615384615384616
5 0.2091346153846154 0.7680288461538461 0.11057692307692307 0.07451923076923077
3 0.20673076923076922 0.8461538461538461 0.1778846153846154 0.08413461538461539
1 0.6490384615384616 0.44471153846153844 0.2091346153846154 0.06490384615384616