2 0.15745192307692307 0.16706730769230768 0.11778846153846154 0.1658653846153846
2 0.3137019230769231 0.17307692307692307 0.10336538461538461 0.1778846153846154
0 0.421875 0.2403846153846154 0.12980769230769232 0.03365384615384615
0 0.390625 0.3942307692307692 0.16105769230769232 0.057692307692307696
2 0.2512019230769231 0.34615384615384615 0.11057692307692307 0.16346153846153846
3 0.25600961538461536 0.5228365384615384 0.11538461538461539 0.06971153846153846
1 0.32211538461538464 0.5829326923076923 0.18990384615384615 0.055288461538461536
4 0.2932692307692308 0.6899038461538461 0.21634615384615385 0.10096153846153846
4 0.26322115384615385 0.7716346153846154 0.23557692307692307 0.07932692307692307
5 0.25600961538461536 0.8461538461538461 0.12259615384615384 0.0889423076923077
1 0.6538461538461539 0.390625 0.23557692307692307 0.0625