1 0.23557692307692307 0.2764423076923077 0.23317307692307693 0.055288461538461536
1 0.7043269230769231 0.31850961538461536 0.2403846153846154 0.052884615384615384
0 0.41225961538461536 0.29927884615384615 0.12980769230769232 0.05048076923076923
2 0.13581730769230768 0.39302884615384615 0.08413461538461539 0.16105769230769232
2 0.4182692307692308 0.4098557692307692 0.0673076923076923 0.14423076923076922
2 0.3701923076923077 0.5817307692307693 0.19471153846153846 0.06009615384615385
5 0.2848557692307692 0.4567307692307692 0.13221153846153846 0.055288461538461536
4 0.171875 0.5709134615384616 0.17307692307692307 0.09615384615384616
3 0.37259615384615385 0.6610576923076923 0.1971153846153846 0.05048076923076923
0 0.21875 0.765625 0.15865384615384615 0.06490384615384616
0 0.203125 0.8377403846153846 0.2403846153846154 0.08413461538461539