2 0.19831730769230768 0.25 0.21754807692307693 0.05889423076923077
4 0.3473557692307692 0.22956730769230768 0.20673076923076922 0.11298076923076923
3 0.27283653846153844 0.42427884615384615 0.11899038461538461 0.039663461538461536
0 0.390625 0.41947115384615385 0.13341346153846154 0.04567307692307692
5 0.18870192307692307 0.5492788461538461 0.1346153846153846 0.04927884615384615
3 0.38341346153846156 0.6117788461538461 0.08653846153846154 0.038461538461538464
1 0.22115384615384615 0.6165865384615384 0.16826923076923078 0.05048076923076923
4 0.27524038461538464 0.6935096153846154 0.21754807692307693 0.08533653846153846
2 0.24278846153846154 0.7776442307692307 0.18990384615384615 0.06850961538461539
0 0.25961538461538464 0.8689903846153846 0.14423076923076922 0.06850961538461539
2 0.6838942307692307 0.7391826923076923 0.1141826923076923 0.203125
1 0.7079326923076923 0.27403846153846156 0.2860576923076923 0.04807692307692308