0 0.11778846153846154 0.25240384615384615 0.0889423076923077 0.1201923076923077
2 0.3713942307692308 0.44711538461538464 0.1971153846153846 0.052884615384615384
4 0.3798076923076923 0.5480769230769231 0.21634615384615385 0.07932692307692307
3 0.1971153846153846 0.6514423076923077 0.14423076923076922 0.057692307692307696
0 0.3954326923076923 0.6394230769230769 0.14423076923076922 0.052884615384615384
2 0.27403846153846156 0.7331730769230769 0.18269230769230768 0.07692307692307693
5 0.31009615384615385 0.875 0.13221153846153846 0.0625
2 0.6875 0.7680288461538461 0.09615384615384616 0.20192307692307693
4 0.8617788461538461 0.7980769230769231 0.2644230769230769 0.22596153846153846
1 0.7163461538461539 0.45072115384615385 0.23557692307692307 0.05048076923076923
1 0.6899038461538461 0.3112980769230769 0.21394230769230768 0.04326923076923077