1 0.21754807692307693 0.25961538461538464 0.18629807692307693 0.052884615384615384
0 0.4362980769230769 0.2776442307692308 0.13341346153846154 0.04326923076923077
4 0.21153846153846154 0.4170673076923077 0.18990384615384615 0.125
5 0.43509615384615385 0.4362980769230769 0.11298076923076923 0.04326923076923077
2 0.23798076923076922 0.5600961538461539 0.20432692307692307 0.056490384615384616
3 0.4423076923076923 0.546875 0.11538461538461539 0.06370192307692307
4 0.24879807692307693 0.6430288461538461 0.22716346153846154 0.0889423076923077
2 0.3088942307692308 0.7367788461538461 0.1935096153846154 0.06490384615384616
0 0.21875 0.9014423076923077 0.11298076923076923 0.07692307692307693
2 0.7007211538461539 0.765625 0.11177884615384616 0.20192307692307693
1 0.7536057692307693 0.4338942307692308 0.23317307692307693 0.05889423076923077