4 0.41466346153846156 0.22596153846153846 0.2247596153846154 0.08052884615384616
2 0.18269230769230768 0.33533653846153844 0.07572115384615384 0.1502403846153846
5 0.26802884615384615 0.3918269230769231 0.10216346153846154 0.03485576923076923
0 0.40024038461538464 0.3713942307692308 0.15504807692307693 0.0829326923076923
2 0.36899038461538464 0.5120192307692307 0.17427884615384615 0.04927884615384615
3 0.2127403846153846 0.5120192307692307 0.13341346153846154 0.05889423076923077
2 0.2980769230769231 0.5841346153846154 0.18509615384615385 0.055288461538461536
0 0.43990384615384615 0.5853365384615384 0.09735576923076923 0.046875
1 0.25961538461538464 0.6790865384615384 0.16105769230769232 0.046875
5 0.40865384615384615 0.8125 0.11057692307692307 0.04927884615384615
4 0.7379807692307693 0.7295673076923077 0.1971153846153846 0.22235576923076922
1 0.7223557692307693 0.38341346153846156 0.27884615384615385 0.040865384615384616