5 0.14783653846153846 0.3894230769230769 0.125 0.052884615384615384
1 0.6694711538461539 0.3918269230769231 0.22115384615384615 0.05048076923076923
4 0.3545673076923077 0.49399038461538464 0.23798076923076922 0.09375
1 0.3112980769230769 0.5625 0.19471153846153846 0.04326923076923077
0 0.30288461538461536 0.6646634615384616 0.125 0.08413461538461539
4 0.171875 0.6730769230769231 0.14182692307692307 0.11538461538461539
0 0.234375 0.7487980769230769 0.12980769230769232 0.06009615384615385
3 0.24879807692307693 0.8185096153846154 0.1658653846153846 0.07932692307692307
2 0.6610576923076923 0.9026442307692307 0.10096153846153846 0.1875
2 0.7584134615384616 0.7283653846153846 0.12740384615384615 0.20432692307692307
2 0.6322115384615384 0.6814903846153846 0.10817307692307693 0.18269230769230768