1 0.6622596153846154 0.4795673076923077 0.12980769230769232 0.046875
1 0.9483173076923077 0.47836538461538464 0.10336538461538461 0.038461538461538464
1 0.7355769230769231 0.2824519230769231 0.28725961538461536 0.07692307692307693
1 0.3329326923076923 0.7067307692307693 0.20432692307692307 0.04927884615384615
3 0.23798076923076922 0.29447115384615385 0.1622596153846154 0.06850961538461539
4 0.359375 0.29086538461538464 0.17067307692307693 0.0829326923076923
2 0.20192307692307693 0.42788461538461536 0.0733173076923077 0.16826923076923078
5 0.2439903846153846 0.6286057692307693 0.13341346153846154 0.055288461538461536
0 0.36778846153846156 0.8185096153846154 0.17548076923076922 0.08533653846153846
4 0.33413461538461536 0.9098557692307693 0.2620192307692308 0.08653846153846154
2 0.7463942307692307 0.8317307692307693 0.1466346153846154 0.24759615384615385