2 0.22956730769230768 0.21033653846153846 0.09134615384615384 0.15865384615384615
2 0.390625 0.43028846153846156 0.18509615384615385 0.05048076923076923
2 0.7271634615384616 0.7536057692307693 0.10817307692307693 0.20192307692307693
0 0.14423076923076922 0.22716346153846154 0.08173076923076923 0.12259615384615384
1 0.7271634615384616 0.30288461538461536 0.2283653846153846 0.052884615384615384
1 0.36778846153846156 0.6069711538461539 0.18509615384615385 0.04326923076923077
3 0.234375 0.5504807692307693 0.14903846153846154 0.05048076923076923
5 0.3088942307692308 0.7151442307692307 0.14182692307692307 0.0673076923076923
4 0.265625 0.7992788461538461 0.22115384615384615 0.10096153846153846
0 0.38822115384615385 0.859375 0.1466346153846154 0.07692307692307693
4 0.8653846153846154 0.7704326923076923 0.2403846153846154 0.24759615384615385