3 0.24278846153846154 0.19110576923076922 0.1658653846153846 0.08413461538461539
4 0.3713942307692308 0.19591346153846154 0.17307692307692307 0.09134615384615384
2 0.21394230769230768 0.32091346153846156 0.09134615384615384 0.1658653846153846
5 0.25961538461538464 0.5216346153846154 0.1346153846153846 0.055288461538461536
1 0.3233173076923077 0.5913461538461539 0.17548076923076922 0.05048076923076923
0 0.37259615384615385 0.7115384615384616 0.16346153846153846 0.08413461538461539
4 0.3389423076923077 0.7884615384615384 0.2548076923076923 0.09375
2 0.6225961538461539 0.9146634615384616 0.125 0.17067307692307693
2 0.7115384615384616 0.7115384615384616 0.12980769230769232 0.2283653846153846
1 0.7596153846153846 0.36899038461538464 0.37259615384615385 0.057692307692307696
1 0.7319711538461539 0.16947115384615385 0.3004807692307692 0.10096153846153846