1 0.30288461538461536 0.24158653846153846 0.2247596153846154 0.03485576923076923
4 0.3557692307692308 0.3737980769230769 0.13701923076923078 0.13341346153846154
0 0.23677884615384615 0.5192307692307693 0.16466346153846154 0.06129807692307692
3 0.390625 0.5168269230769231 0.09975961538461539 0.0625
0 0.234375 0.7247596153846154 0.12980769230769232 0.06971153846153846
5 0.27283653846153844 0.765625 0.11177884615384616 0.06971153846153846
4 0.30649038461538464 0.828125 0.21514423076923078 0.08533653846153846
2 0.7103365384615384 0.9170673076923077 0.10096153846153846 0.1658653846153846
2 0.8377403846153846 0.9471153846153846 0.12379807692307693 0.10576923076923077
2 0.6983173076923077 0.7151442307692307 0.09615384615384616 0.19591346153846154
1 0.6670673076923077 0.4026442307692308 0.20793269230769232 0.04927884615384615