2 0.109375 0.18870192307692307 0.09134615384615384 0.16105769230769232
3 0.34615384615384615 0.24879807692307693 0.18269230769230768 0.055288461538461536
1 0.22716346153846154 0.4074519230769231 0.22115384615384615 0.0625
2 0.38221153846153844 0.5192307692307693 0.1778846153846154 0.057692307692307696
4 0.18870192307692307 0.5192307692307693 0.18990384615384615 0.10817307692307693
5 0.23677884615384615 0.6081730769230769 0.1346153846153846 0.05048076923076923
0 0.390625 0.5913461538461539 0.14182692307692307 0.08653846153846154
0 0.19230769230769232 0.703125 0.12980769230769232 0.07692307692307693
4 0.25240384615384615 0.8269230769230769 0.22596153846153846 0.10336538461538461
2 0.7127403846153846 0.7079326923076923 0.10336538461538461 0.19951923076923078
1 0.6790865384615384 0.23798076923076922 0.25240384615384615 0.06490384615384616