2 0.24158653846153846 0.16947115384615385 0.08052884615384616 0.1622596153846154
4 0.4230769230769231 0.22596153846153846 0.25721153846153844 0.07692307692307693
2 0.20072115384615385 0.34134615384615385 0.07091346153846154 0.15985576923076922
0 0.4110576923076923 0.3713942307692308 0.15985576923076922 0.09014423076923077
3 0.22235576923076922 0.5144230769230769 0.12139423076923077 0.05889423076923077
5 0.44591346153846156 0.5168269230769231 0.09254807692307693 0.03485576923076923
2 0.3161057692307692 0.59375 0.18629807692307693 0.054086538461538464
0 0.4519230769230769 0.5925480769230769 0.09495192307692307 0.04447115384615385
1 0.2704326923076923 0.6838942307692307 0.15865384615384615 0.04447115384615385
4 0.24519230769230768 0.7728365384615384 0.16346153846153846 0.09014423076923077
5 0.41947115384615385 0.8209134615384616 0.10697115384615384 0.04447115384615385
1 0.7548076923076923 0.40024038461538464 0.3125 0.06490384615384616