1 0.23557692307692307 0.20192307692307693 0.24519230769230768 0.0673076923076923
1 0.71875 0.21394230769230768 0.23317307692307693 0.057692307692307696
2 0.18389423076923078 0.32572115384615385 0.0889423076923077 0.16105769230769232
3 0.39663461538461536 0.3762019230769231 0.13701923076923078 0.06490384615384616
4 0.3954326923076923 0.171875 0.18269230769230768 0.14423076923076922
2 0.15985576923076922 0.5204326923076923 0.0889423076923077 0.08173076923076923
4 0.3713942307692308 0.4987980769230769 0.25721153846153844 0.10096153846153846
5 0.2608173076923077 0.5925480769230769 0.12980769230769232 0.06490384615384616
0 0.39663461538461536 0.5829326923076923 0.13942307692307693 0.052884615384615384
0 0.2824519230769231 0.6911057692307693 0.125 0.09615384615384616
2 0.7451923076923077 0.734375 0.1466346153846154 0.21875