2 0.2932692307692308 0.15625 0.09495192307692307 0.17307692307692307
2 0.375 0.15745192307692307 0.09254807692307693 0.1622596153846154
0 0.20192307692307693 0.36177884615384615 0.15745192307692307 0.11298076923076923
3 0.12620192307692307 0.5336538461538461 0.12379807692307693 0.051682692307692304
1 0.390625 0.49038461538461536 0.09254807692307693 0.055288461538461536
5 0.30649038461538464 0.5853365384615384 0.07692307692307693 0.055288461538461536
3 0.3894230769230769 0.5853365384615384 0.09735576923076923 0.036057692307692304
4 0.19951923076923078 0.7067307692307693 0.19831730769230768 0.13701923076923078
4 0.26322115384615385 0.8293269230769231 0.20432692307692307 0.09375
2 0.5757211538461539 0.8725961538461539 0.09254807692307693 0.17307692307692307
1 0.7884615384615384 0.4170673076923077 0.24158653846153846 0.06370192307692307