3 0.41466346153846156 0.20552884615384615 0.1201923076923077 0.0673076923076923
1 0.23197115384615385 0.34975961538461536 0.21394230769230768 0.04567307692307692
1 0.6346153846153846 0.3762019230769231 0.19471153846153846 0.055288461538461536
0 0.4014423076923077 0.46274038461538464 0.14182692307692307 0.10096153846153846
5 0.3076923076923077 0.48677884615384615 0.0673076923076923 0.05048076923076923
5 0.21754807692307693 0.6538461538461539 0.09375 0.05048076923076923
3 0.38100961538461536 0.6466346153846154 0.09615384615384616 0.040865384615384616
2 0.609375 0.6682692307692307 0.10817307692307693 0.1875
2 0.5901442307692307 0.8557692307692307 0.10336538461538461 0.17067307692307693
4 0.23677884615384615 0.7884615384615384 0.24278846153846154 0.11057692307692307
4 0.20072115384615385 0.46153846153846156 0.18028846153846154 0.10096153846153846