2 0.43028846153846156 0.22355769230769232 0.07211538461538461 0.15264423076923078
5 0.25841346153846156 0.27283653846153844 0.16947115384615385 0.05048076923076923
0 0.25600961538461536 0.4254807692307692 0.15865384615384615 0.056490384615384616
4 0.3641826923076923 0.3918269230769231 0.12259615384615384 0.11057692307692307
1 0.7019230769230769 0.421875 0.25240384615384615 0.046875
1 0.23317307692307693 0.5504807692307693 0.17307692307692307 0.04927884615384615
3 0.42908653846153844 0.5432692307692307 0.16466346153846154 0.046875
2 0.28125 0.6262019230769231 0.18870192307692307 0.06129807692307692
0 0.43149038461538464 0.6201923076923077 0.10336538461538461 0.055288461538461536
5 0.38341346153846156 0.7019230769230769 0.04927884615384615 0.039663461538461536
4 0.27524038461538464 0.7908653846153846 0.2283653846153846 0.09615384615384616
2 0.6538461538461539 0.7307692307692307 0.09014423076923077 0.18870192307692307