5 0.17307692307692307 0.21153846153846154 0.18990384615384615 0.057692307692307696
4 0.3641826923076923 0.20673076923076922 0.23317307692307693 0.10576923076923077
3 0.2860576923076923 0.39302884615384615 0.1201923076923077 0.052884615384615384
0 0.39783653846153844 0.3942307692307692 0.12980769230769232 0.055288461538461536
4 0.16947115384615385 0.5084134615384616 0.1778846153846154 0.09615384615384616
2 0.3473557692307692 0.5144230769230769 0.18269230769230768 0.06971153846153846
1 0.22115384615384615 0.5853365384615384 0.17067307692307693 0.052884615384615384
3 0.3786057692307692 0.5865384615384616 0.08173076923076923 0.040865384615384616
0 0.25721153846153844 0.6995192307692307 0.14182692307692307 0.06971153846153846
2 0.22716346153846154 0.7475961538461539 0.1971153846153846 0.0625
2 0.6658653846153846 0.9290865384615384 0.11057692307692307 0.14182692307692307
1 0.7439903846153846 0.27163461538461536 0.31009615384615385 0.06009615384615385