2 0.17427884615384615 0.2980769230769231 0.0889423076923077 0.1658653846153846
2 0.3016826923076923 0.30649038461538464 0.08173076923076923 0.15865384615384615
3 0.41346153846153844 0.35697115384615385 0.10817307692307693 0.07211538461538461
2 0.21754807692307693 0.4723557692307692 0.19471153846153846 0.0625
5 0.18028846153846154 0.5697115384615384 0.1466346153846154 0.06490384615384616
4 0.359375 0.5492788461538461 0.20192307692307693 0.0625
0 0.23918269230769232 0.640625 0.1201923076923077 0.09134615384615384
4 0.22956730769230768 0.7992788461538461 0.22355769230769232 0.10576923076923077
0 0.6790865384615384 0.7644230769230769 0.16346153846153846 0.08173076923076923
1 0.6778846153846154 0.38100961538461536 0.2283653846153846 0.0625
1 0.7740384615384616 0.21153846153846154 0.3269230769230769 0.057692307692307696