1 0.3088942307692308 0.24278846153846154 0.15865384615384615 0.038461538461538464
2 0.4026442307692308 0.20432692307692307 0.0889423076923077 0.1466346153846154
0 0.17668269230769232 0.40625 0.19951923076923078 0.06009615384615385
4 0.3425480769230769 0.3545673076923077 0.1971153846153846 0.07451923076923077
5 0.19471153846153846 0.5288461538461539 0.13942307692307693 0.04807692307692308
0 0.19471153846153846 0.6129807692307693 0.1658653846153846 0.06490384615384616
3 0.3473557692307692 0.6754807692307693 0.15865384615384615 0.07211538461538461
4 0.2127403846153846 0.7644230769230769 0.21634615384615385 0.0985576923076923
2 0.6766826923076923 0.9086538461538461 0.10336538461538461 0.18028846153846154
2 0.6875 0.7115384615384616 0.11057692307692307 0.18990384615384615
1 0.640625 0.27283653846153844 0.19951923076923078 0.04567307692307692