0 0.17668269230769232 0.20673076923076922 0.1778846153846154 0.09134615384615384
1 0.3629807692307692 0.22355769230769232 0.17307692307692307 0.04326923076923077
5 0.22355769230769232 0.3942307692307692 0.13221153846153846 0.0625
3 0.22235576923076922 0.515625 0.12740384615384615 0.052884615384615384
4 0.39302884615384615 0.5 0.21153846153846154 0.07932692307692307
2 0.3329326923076923 0.578125 0.17548076923076922 0.0625
4 0.2980769230769231 0.6658653846153846 0.22596153846153846 0.10576923076923077
2 0.6550480769230769 0.6730769230769231 0.10817307692307693 0.18509615384615385
0 0.8509615384615384 0.765625 0.1778846153846154 0.15625
2 0.6177884615384616 0.8509615384615384 0.10096153846153846 0.17067307692307693
1 0.29447115384615385 0.7307692307692307 0.19471153846153846 0.04567307692307692