2 0.1045673076923077 0.30649038461538464 0.10096153846153846 0.17067307692307693
2 0.3942307692307692 0.3317307692307692 0.07932692307692307 0.15625
2 0.34134615384615385 0.5060096153846154 0.19471153846153846 0.06971153846153846
3 0.4182692307692308 0.21153846153846154 0.11538461538461539 0.08173076923076923
5 0.2548076923076923 0.3786057692307692 0.13942307692307693 0.057692307692307696
4 0.1466346153846154 0.48677884615384615 0.19471153846153846 0.0985576923076923
0 0.35216346153846156 0.5853365384615384 0.16346153846153846 0.055288461538461536
1 0.20673076923076922 0.6694711538461539 0.21394230769230768 0.06490384615384616
4 0.17668269230769232 0.75 0.24278846153846154 0.07692307692307693
0 0.23197115384615385 0.8341346153846154 0.13221153846153846 0.08413461538461539
1 0.6826923076923077 0.24639423076923078 0.2283653846153846 0.052884615384615384