2 0.28846153846153844 0.11298076923076923 0.10576923076923077 0.18028846153846154
2 0.43149038461538464 0.13822115384615385 0.08653846153846154 0.16826923076923078
0 0.15865384615384615 0.14423076923076922 0.1466346153846154 0.10336538461538461
1 0.38100961538461536 0.34375 0.125 0.04567307692307692
5 0.20072115384615385 0.48197115384615385 0.13221153846153846 0.057692307692307696
3 0.4206730769230769 0.47596153846153844 0.07932692307692307 0.04807692307692308
0 0.36538461538461536 0.5456730769230769 0.1346153846153846 0.05048076923076923
4 0.3425480769230769 0.7644230769230769 0.23076923076923078 0.13701923076923078
3 0.17067307692307693 0.8137019230769231 0.12980769230769232 0.08173076923076923
2 0.6670673076923077 0.6862980769230769 0.10576923076923077 0.18990384615384615
4 0.8305288461538461 0.7019230769230769 0.2644230769230769 0.25961538461538464
1 0.7536057692307693 0.3762019230769231 0.23557692307692307 0.0673076923076923