2 0.17548076923076922 0.14903846153846154 0.11538461538461539 0.16346153846153846
2 0.3317307692307692 0.16466346153846154 0.10096153846153846 0.1778846153846154
0 0.4362980769230769 0.23677884615384615 0.12980769230769232 0.03125
0 0.39663461538461536 0.38822115384615385 0.15865384615384615 0.055288461538461536
2 0.25961538461538464 0.3329326923076923 0.10817307692307693 0.16105769230769232
3 0.2548076923076923 0.5096153846153846 0.11298076923076923 0.0673076923076923
1 0.31850961538461536 0.5733173076923077 0.18990384615384615 0.05048076923076923
4 0.28365384615384615 0.6790865384615384 0.21634615384615385 0.0985576923076923
4 0.24879807692307693 0.7584134615384616 0.23557692307692307 0.07451923076923077
5 0.23798076923076922 0.8329326923076923 0.12259615384615384 0.08653846153846154
1 0.6586538461538461 0.39903846153846156 0.23557692307692307 0.057692307692307696