2 0.26802884615384615 0.2764423076923077 0.20673076923076922 0.07211538461538461
0 0.43990384615384615 0.265625 0.15384615384615385 0.08173076923076923
3 0.3076923076923077 0.4182692307692308 0.10576923076923077 0.07451923076923077
2 0.3798076923076923 0.3786057692307692 0.06009615384615385 0.12980769230769232
2 0.4170673076923077 0.5396634615384616 0.1778846153846154 0.055288461538461536
0 0.27403846153846156 0.5540865384615384 0.12259615384615384 0.05048076923076923
4 0.3858173076923077 0.609375 0.20192307692307693 0.06971153846153846
5 0.2608173076923077 0.7199519230769231 0.10336538461538461 0.0673076923076923
1 0.41225961538461536 0.6995192307692307 0.1875 0.057692307692307696
5 0.359375 0.7800480769230769 0.04807692307692308 0.036057692307692304
4 0.6995192307692307 0.39783653846153844 0.2764423076923077 0.16105769230769232
1 0.7067307692307693 0.2920673076923077 0.21634615384615385 0.05048076923076923