2 0.125 0.1466346153846154 0.09615384615384616 0.17548076923076922
4 0.34615384615384615 0.19591346153846154 0.21153846153846154 0.11057692307692307
3 0.3485576923076923 0.3701923076923077 0.15144230769230768 0.05048076923076923
0 0.1778846153846154 0.4795673076923077 0.13221153846153846 0.10096153846153846
4 0.3425480769230769 0.5540865384615384 0.21153846153846154 0.07692307692307693
5 0.21394230769230768 0.6682692307692307 0.11298076923076923 0.0673076923076923
1 0.24759615384615385 0.7163461538461539 0.18269230769230768 0.05048076923076923
1 0.6442307692307693 0.3581730769230769 0.21394230769230768 0.055288461538461536
2 0.6274038461538461 0.6538461538461539 0.10096153846153846 0.1778846153846154
0 0.8161057692307693 0.7391826923076923 0.1658653846153846 0.14182692307692307
2 0.5769230769230769 0.8185096153846154 0.09615384615384616 0.16826923076923078