1 0.6622596153846154 0.47716346153846156 0.12980769230769232 0.04807692307692308
1 0.9483173076923077 0.4699519230769231 0.10336538461538461 0.040865384615384616
1 0.7319711538461539 0.27884615384615385 0.28846153846153844 0.08173076923076923
1 0.33653846153846156 0.7091346153846154 0.20432692307692307 0.052884615384615384
3 0.234375 0.29927884615384615 0.16346153846153846 0.07211538461538461
4 0.3557692307692308 0.2932692307692308 0.17307692307692307 0.08653846153846154
2 0.20072115384615385 0.4326923076923077 0.07692307692307693 0.17067307692307693
5 0.24639423076923078 0.6334134615384616 0.1346153846153846 0.057692307692307696
0 0.3737980769230769 0.8209134615384616 0.1778846153846154 0.0889423076923077
4 0.34134615384615385 0.9122596153846154 0.2644230769230769 0.09134615384615384
2 0.7524038461538461 0.8269230769230769 0.15144230769230768 0.25