2 0.17908653846153846 0.16706730769230768 0.09375 0.16105769230769232
2 0.41586538461538464 0.17908653846153846 0.08413461538461539 0.15985576923076922
1 0.21153846153846154 0.3954326923076923 0.1814903846153846 0.036057692307692304
5 0.41225961538461536 0.4014423076923077 0.10336538461538461 0.04567307692307692
1 0.33774038461538464 0.5192307692307693 0.20072115384615385 0.030048076923076924
3 0.21394230769230768 0.6177884615384616 0.18870192307692307 0.06009615384615385
4 0.40865384615384615 0.5925480769230769 0.1814903846153846 0.0733173076923077
0 0.2692307692307692 0.7199519230769231 0.1466346153846154 0.057692307692307696
4 0.2860576923076923 0.8581730769230769 0.24879807692307693 0.12740384615384615
2 0.6706730769230769 0.7307692307692307 0.0985576923076923 0.21995192307692307
0 0.7992788461538461 0.8305288461538461 0.23197115384615385 0.11177884615384616