2 0.13701923076923078 0.13341346153846154 0.09134615384615384 0.171875
4 0.35697115384615385 0.19110576923076922 0.2091346153846154 0.10336538461538461
3 0.35336538461538464 0.36538461538461536 0.1502403846153846 0.04447115384615385
0 0.17908653846153846 0.46875 0.12980769230769232 0.09615384615384616
4 0.34134615384615385 0.5480769230769231 0.2091346153846154 0.06971153846153846
5 0.20793269230769232 0.6586538461538461 0.11057692307692307 0.06370192307692307
1 0.2403846153846154 0.7079326923076923 0.18028846153846154 0.04447115384615385
1 0.6490384615384616 0.3629807692307692 0.2127403846153846 0.04807692307692308
2 0.6213942307692307 0.6586538461538461 0.09375 0.17427884615384615
0 0.8076923076923077 0.75 0.16105769230769232 0.13581730769230768
2 0.5661057692307693 0.8209134615384616 0.09134615384615384 0.1658653846153846