4 0.23677884615384615 0.20793269230769232 0.23317307692307693 0.11538461538461539
2 0.34375 0.35697115384615385 0.07451923076923077 0.14903846153846154
2 0.4579326923076923 0.359375 0.07211538461538461 0.15625
5 0.2620192307692308 0.5516826923076923 0.1346153846153846 0.05048076923076923
3 0.24278846153846154 0.6165865384615384 0.13221153846153846 0.07932692307692307
0 0.43509615384615385 0.6105769230769231 0.13221153846153846 0.04807692307692308
4 0.35697115384615385 0.6923076923076923 0.21394230769230768 0.0985576923076923
0 0.296875 0.7908653846153846 0.15384615384615385 0.0673076923076923
1 0.3088942307692308 0.8701923076923077 0.1658653846153846 0.0625
2 0.7620192307692307 0.7536057692307693 0.1201923076923077 0.22355769230769232
1 0.8173076923076923 0.39783653846153844 0.27403846153846156 0.057692307692307696