5 0.23197115384615385 0.22596153846153846 0.17548076923076922 0.055288461538461536
4 0.3798076923076923 0.22115384615384615 0.1466346153846154 0.08653846153846154
0 0.234375 0.3870192307692308 0.1658653846153846 0.06009615384615385
1 0.6887019230769231 0.39663461538461536 0.25240384615384615 0.0625
1 0.19951923076923078 0.5120192307692307 0.16826923076923078 0.04326923076923077
2 0.43509615384615385 0.5120192307692307 0.08653846153846154 0.0625
0 0.390625 0.5877403846153846 0.12980769230769232 0.05048076923076923
2 0.24158653846153846 0.6826923076923077 0.18990384615384615 0.0673076923076923
5 0.36177884615384615 0.6706730769230769 0.04326923076923077 0.040865384615384616
3 0.24639423076923078 0.8425480769230769 0.15865384615384615 0.0985576923076923
4 0.6622596153846154 0.9026442307692307 0.24278846153846154 0.19471153846153846
2 0.6225961538461539 0.7007211538461539 0.09375 0.19230769230769232