5 0.14182692307692307 0.4074519230769231 0.125 0.055288461538461536
1 0.6634615384615384 0.38341346153846156 0.22115384615384615 0.052884615384615384
4 0.3545673076923077 0.5012019230769231 0.2403846153846154 0.0985576923076923
1 0.31490384615384615 0.5721153846153846 0.1971153846153846 0.04567307692307692
0 0.3112980769230769 0.6754807692307693 0.12740384615384615 0.08653846153846154
4 0.1814903846153846 0.6899038461538461 0.14423076923076922 0.11778846153846154
0 0.24759615384615385 0.7620192307692307 0.12980769230769232 0.0625
3 0.2668269230769231 0.8317307692307693 0.16826923076923078 0.08173076923076923
2 0.6826923076923077 0.8942307692307693 0.10576923076923077 0.1875
2 0.7692307692307693 0.7139423076923077 0.12980769230769232 0.20673076923076922
2 0.6418269230769231 0.6742788461538461 0.11057692307692307 0.18269230769230768