2 0.24639423076923078 0.2692307692307692 0.21514423076923078 0.057692307692307696
4 0.44591346153846156 0.24158653846153846 0.17668269230769232 0.12379807692307693
1 0.7043269230769231 0.2824519230769231 0.234375 0.05048076923076923
5 0.3245192307692308 0.4387019230769231 0.11538461538461539 0.040865384615384616
1 0.7247596153846154 0.44471153846153844 0.27403846153846156 0.06129807692307692
2 0.421875 0.5625 0.19110576923076922 0.051682692307692304
0 0.41947115384615385 0.6454326923076923 0.13942307692307693 0.09134615384615384
5 0.2692307692307692 0.6442307692307693 0.12740384615384615 0.04567307692307692
0 0.21153846153846154 0.7463942307692307 0.13221153846153846 0.07932692307692307
3 0.40384615384615385 0.7247596153846154 0.15745192307692307 0.06971153846153846
4 0.26322115384615385 0.8774038461538461 0.234375 0.10096153846153846
2 0.7536057692307693 0.8149038461538461 0.10576923076923077 0.22596153846153846