0 0.15504807692307693 0.22235576923076922 0.1875 0.038461538461538464
2 0.3737980769230769 0.16466346153846154 0.09375 0.17548076923076922
3 0.1814903846153846 0.3918269230769231 0.15865384615384615 0.052884615384615384
0 0.39663461538461536 0.3954326923076923 0.12980769230769232 0.057692307692307696
4 0.36538461538461536 0.5048076923076923 0.2091346153846154 0.09615384615384616
5 0.17307692307692307 0.609375 0.12980769230769232 0.0625
2 0.3389423076923077 0.5961538461538461 0.19230769230769232 0.0625
1 0.21875 0.7716346153846154 0.20432692307692307 0.06009615384615385
4 0.19591346153846154 0.8689903846153846 0.20673076923076922 0.10336538461538461
2 0.7103365384615384 0.7463942307692307 0.12980769230769232 0.21634615384615385
1 0.6923076923076923 0.4050480769230769 0.24519230769230768 0.057692307692307696