2 0.18509615384615385 0.16105769230769232 0.09615384615384616 0.16346153846153846
2 0.421875 0.1778846153846154 0.08653846153846154 0.16105769230769232
1 0.21394230769230768 0.390625 0.18269230769230768 0.038461538461538464
5 0.41346153846153844 0.40024038461538464 0.10336538461538461 0.04807692307692308
1 0.33774038461538464 0.5168269230769231 0.20192307692307693 0.03365384615384615
3 0.21153846153846154 0.6129807692307693 0.18990384615384615 0.0625
4 0.4074519230769231 0.5913461538461539 0.18269230769230768 0.07692307692307693
0 0.265625 0.7163461538461539 0.1466346153846154 0.06009615384615385
4 0.2800480769230769 0.8545673076923077 0.25 0.13221153846153846
2 0.6670673076923077 0.7331730769230769 0.10336538461538461 0.22115384615384615
0 0.7932692307692307 0.8353365384615384 0.23317307692307693 0.11538461538461539