5 0.41346153846153844 0.265625 0.0673076923076923 0.038461538461538464
4 0.19951923076923078 0.515625 0.1778846153846154 0.09615384615384616
2 0.37259615384615385 0.5240384615384616 0.18028846153846154 0.056490384615384616
0 0.3088942307692308 0.5913461538461539 0.25841346153846156 0.0673076923076923
5 0.22235576923076922 0.6983173076923077 0.0985576923076923 0.057692307692307696
1 0.3701923076923077 0.6826923076923077 0.18629807692307693 0.052884615384615384
3 0.23677884615384615 0.8545673076923077 0.16826923076923078 0.09134615384615384
2 0.6778846153846154 0.7355769230769231 0.125 0.20072115384615385
4 0.6310096153846154 0.3870192307692308 0.2644230769230769 0.15625
1 0.6358173076923077 0.2704326923076923 0.20432692307692307 0.040865384615384616
2 0.8197115384615384 0.7776442307692307 0.13581730769230768 0.24158653846153846