2 0.12620192307692307 0.16826923076923078 0.0829326923076923 0.15625
3 0.359375 0.24158653846153846 0.1814903846153846 0.04567307692307692
1 0.23197115384615385 0.39302884615384615 0.21875 0.05048076923076923
2 0.38100961538461536 0.5132211538461539 0.17668269230769232 0.04807692307692308
4 0.18870192307692307 0.5024038461538461 0.18389423076923078 0.0985576923076923
5 0.23197115384615385 0.59375 0.13221153846153846 0.04447115384615385
0 0.3858173076923077 0.5853365384615384 0.13822115384615385 0.08052884615384616
0 0.18269230769230768 0.6862980769230769 0.12740384615384615 0.07091346153846154
4 0.23557692307692307 0.8137019230769231 0.22235576923076922 0.09254807692307693
2 0.7019230769230769 0.71875 0.09375 0.19471153846153846
1 0.6923076923076923 0.24759615384615385 0.2512019230769231 0.051682692307692304