2 0.16706730769230768 0.1778846153846154 0.0985576923076923 0.16346153846153846
2 0.4050480769230769 0.18269230769230768 0.0889423076923077 0.16346153846153846
1 0.20793269230769232 0.4050480769230769 0.18269230769230768 0.04326923076923077
5 0.40865384615384615 0.4050480769230769 0.10576923076923077 0.04807692307692308
1 0.3389423076923077 0.5252403846153846 0.20192307692307693 0.036057692307692304
3 0.21875 0.6274038461538461 0.18990384615384615 0.0673076923076923
4 0.41225961538461536 0.5961538461538461 0.18509615384615385 0.07932692307692307
0 0.2776442307692308 0.7283653846153846 0.14903846153846154 0.0625
4 0.29927884615384615 0.8653846153846154 0.25240384615384615 0.13701923076923078
2 0.6790865384615384 0.7247596153846154 0.10576923076923077 0.22355769230769232
0 0.8100961538461539 0.8197115384615384 0.23557692307692307 0.1201923076923077