4 0.14903846153846154 0.25240384615384615 0.13942307692307693 0.13942307692307693
0 0.23557692307692307 0.2644230769230769 0.09615384615384616 0.11057692307692307
3 0.35336538461538464 0.30288461538461536 0.1658653846153846 0.040865384615384616
1 0.234375 0.4362980769230769 0.2091346153846154 0.03365384615384615
4 0.19951923076923078 0.5600961538461539 0.1875 0.11298076923076923
2 0.3858173076923077 0.5625 0.18509615384615385 0.052884615384615384
5 0.234375 0.6418269230769231 0.11778846153846154 0.04567307692307692
2 0.38100961538461536 0.6310096153846154 0.18269230769230768 0.057692307692307696
0 0.1875 0.7355769230769231 0.13221153846153846 0.07451923076923077
2 0.6610576923076923 0.9350961538461539 0.11057692307692307 0.12980769230769232
1 0.65625 0.30288461538461536 0.20673076923076922 0.040865384615384616