2 0.09495192307692307 0.3269230769230769 0.09134615384615384 0.1658653846153846
2 0.3858173076923077 0.33774038461538464 0.07091346153846154 0.15384615384615385
2 0.34134615384615385 0.5144230769230769 0.19230769230769232 0.05889423076923077
3 0.40384615384615385 0.21634615384615385 0.11177884615384616 0.07572115384615384
5 0.24879807692307693 0.3918269230769231 0.13581730769230768 0.05048076923076923
4 0.1466346153846154 0.5048076923076923 0.19110576923076922 0.08774038461538461
0 0.35697115384615385 0.5925480769230769 0.16105769230769232 0.046875
1 0.21634615384615385 0.6850961538461539 0.21033653846153846 0.054086538461538464
4 0.18990384615384615 0.7668269230769231 0.2403846153846154 0.06490384615384616
0 0.25 0.8473557692307693 0.12740384615384615 0.07692307692307693
1 0.6694711538461539 0.23677884615384615 0.22716346153846154 0.042067307692307696