5 0.0829326923076923 0.21394230769230768 0.13942307692307693 0.06971153846153846
1 0.27283653846153844 0.23076923076923078 0.18509615384615385 0.052884615384615384
0 0.3233173076923077 0.39903846153846156 0.1466346153846154 0.052884615384615384
0 0.07451923076923077 0.49399038461538464 0.14182692307692307 0.09134615384615384
3 0.30528846153846156 0.5144230769230769 0.15384615384615385 0.07932692307692307
4 0.27884615384615385 0.5841346153846154 0.23076923076923078 0.06971153846153846
4 0.1141826923076923 0.7560096153846154 0.20673076923076922 0.10817307692307693
2 0.5745192307692307 0.9290865384615384 0.11057692307692307 0.14182692307692307
2 0.7175480769230769 0.7920673076923077 0.1201923076923077 0.21875
2 0.5769230769230769 0.7307692307692307 0.11298076923076923 0.19951923076923078
1 0.6502403846153846 0.2764423076923077 0.28365384615384615 0.05048076923076923