2 0.2247596153846154 0.21514423076923078 0.08774038461538461 0.15745192307692307
2 0.3894230769230769 0.4326923076923077 0.18389423076923078 0.04807692307692308
2 0.7319711538461539 0.75 0.10576923076923077 0.20072115384615385
0 0.13942307692307693 0.23317307692307693 0.08052884615384616 0.1201923076923077
1 0.7235576923076923 0.29927884615384615 0.2283653846153846 0.04927884615384615
1 0.3701923076923077 0.609375 0.18389423076923078 0.039663461538461536
3 0.23557692307692307 0.5552884615384616 0.14783653846153846 0.04807692307692308
5 0.3125 0.71875 0.140625 0.06490384615384616
4 0.2704326923076923 0.8028846153846154 0.21995192307692307 0.09735576923076923
0 0.3942307692307692 0.8617788461538461 0.14543269230769232 0.0733173076923077
4 0.8701923076923077 0.7644230769230769 0.23557692307692307 0.2439903846153846