5 0.4254807692307692 0.2608173076923077 0.06971153846153846 0.040865384615384616
4 0.19951923076923078 0.5 0.18269230769230768 0.10576923076923077
2 0.3713942307692308 0.5168269230769231 0.18269230769230768 0.06490384615384616
0 0.30408653846153844 0.5817307692307693 0.2620192307692308 0.08173076923076923
5 0.2127403846153846 0.6838942307692307 0.10096153846153846 0.0625
1 0.3605769230769231 0.6754807692307693 0.18990384615384615 0.0625
3 0.21875 0.8401442307692307 0.17307692307692307 0.10096153846153846
2 0.6658653846153846 0.7439903846153846 0.1346153846153846 0.20673076923076922
4 0.6370192307692307 0.3942307692307692 0.27163461538461536 0.17067307692307693
1 0.6478365384615384 0.2776442307692308 0.20673076923076922 0.05048076923076923
2 0.8052884615384616 0.7944711538461539 0.14903846153846154 0.24759615384615385