5 0.2980769230769231 0.19110576923076922 0.09134615384615384 0.04567307692307692
4 0.41225961538461536 0.18028846153846154 0.15144230769230768 0.11298076923076923
2 0.25961538461538464 0.3004807692307692 0.08653846153846154 0.15625
2 0.4074519230769231 0.30649038461538464 0.08413461538461539 0.14423076923076922
1 0.20432692307692307 0.4735576923076923 0.21875 0.040865384615384616
0 0.3713942307692308 0.4723557692307692 0.1201923076923077 0.0625
2 0.3425480769230769 0.5372596153846154 0.1875 0.057692307692307696
0 0.203125 0.6394230769230769 0.14182692307692307 0.06971153846153846
4 0.23557692307692307 0.7151442307692307 0.25961538461538464 0.07692307692307693
1 0.21995192307692307 0.7800480769230769 0.15865384615384615 0.0625
3 0.6814903846153846 0.9098557692307693 0.14182692307692307 0.12740384615384615