2 0.16947115384615385 0.15504807692307693 0.11298076923076923 0.1622596153846154
2 0.32572115384615385 0.16706730769230768 0.09735576923076923 0.17548076923076922
0 0.43149038461538464 0.23798076923076922 0.12980769230769232 0.030048076923076924
0 0.3942307692307692 0.390625 0.15865384615384615 0.052884615384615384
2 0.25721153846153844 0.33774038461538464 0.1045673076923077 0.15985576923076922
3 0.2548076923076923 0.5144230769230769 0.11298076923076923 0.06490384615384616
1 0.31971153846153844 0.5769230769230769 0.18870192307692307 0.04807692307692308
4 0.28725961538461536 0.6826923076923077 0.21394230769230768 0.09375
4 0.2536057692307692 0.7632211538461539 0.234375 0.07091346153846154
5 0.2439903846153846 0.8377403846153846 0.1201923076923077 0.08533653846153846
1 0.6574519230769231 0.39663461538461536 0.234375 0.054086538461538464