2 0.16947115384615385 0.3004807692307692 0.09375 0.16105769230769232
1 0.39302884615384615 0.19591346153846154 0.20432692307692307 0.038461538461538464
3 0.38221153846153844 0.3545673076923077 0.23076923076923078 0.09615384615384616
1 0.22355769230769232 0.47716346153846156 0.15865384615384615 0.04326923076923077
0 0.4230769230769231 0.47475961538461536 0.15144230769230768 0.09615384615384616
0 0.4206730769230769 0.5637019230769231 0.09615384615384616 0.055288461538461536
2 0.2860576923076923 0.5625 0.1971153846153846 0.06009615384615385
4 0.2920673076923077 0.6346153846153846 0.21153846153846154 0.08653846153846154
5 0.296875 0.7956730769230769 0.10817307692307693 0.07451923076923077
3 0.6490384615384616 0.3713942307692308 0.19230769230769232 0.12259615384615384
2 0.6538461538461539 0.6947115384615384 0.10576923076923077 0.1875