2 0.20552884615384615 0.17548076923076922 0.10576923076923077 0.16826923076923078
1 0.19471153846153846 0.38221153846153844 0.20673076923076922 0.040865384615384616
0 0.3858173076923077 0.2512019230769231 0.13221153846153846 0.038461538461538464
0 0.3629807692307692 0.39903846153846156 0.13701923076923078 0.052884615384615384
2 0.3641826923076923 0.5120192307692307 0.17307692307692307 0.057692307692307696
2 0.36899038461538464 0.5853365384615384 0.18269230769230768 0.0625
5 0.21514423076923078 0.6021634615384616 0.1201923076923077 0.057692307692307696
4 0.2824519230769231 0.6706730769230769 0.21394230769230768 0.09375
3 0.25721153846153844 0.7608173076923077 0.13942307692307693 0.07451923076923077
4 0.6394230769230769 0.6875 0.19471153846153846 0.21875
1 0.640625 0.38822115384615385 0.20192307692307693 0.055288461538461536