5 0.09375 0.23798076923076922 0.16346153846153846 0.051682692307692304
1 0.29447115384615385 0.2283653846153846 0.22596153846153846 0.03245192307692308
2 0.10336538461538461 0.359375 0.11177884615384616 0.1658653846153846
2 0.26802884615384615 0.359375 0.09375 0.16105769230769232
0 0.40625 0.41947115384615385 0.12740384615384615 0.040865384615384616
4 0.15264423076923078 0.5348557692307693 0.20793269230769232 0.11899038461538461
2 0.34615384615384615 0.53125 0.19110576923076922 0.05889423076923077
4 0.29447115384615385 0.6129807692307693 0.25 0.06610576923076923
3 0.24519230769230768 0.7415865384615384 0.1935096153846154 0.0733173076923077
0 0.21634615384615385 0.8389423076923077 0.17067307692307693 0.11177884615384616
1 0.6454326923076923 0.41466346153846156 0.22716346153846154 0.04927884615384615