5 0.2127403846153846 0.23076923076923078 0.17067307692307693 0.04807692307692308
3 0.4014423076923077 0.2439903846153846 0.11298076923076923 0.05048076923076923
2 0.3389423076923077 0.4026442307692308 0.1971153846153846 0.0625
3 0.21995192307692307 0.5264423076923077 0.0625 0.038461538461538464
0 0.36899038461538464 0.6033653846153846 0.15144230769230768 0.0625
4 0.19831730769230768 0.5973557692307693 0.2091346153846154 0.07211538461538461
1 0.23798076923076922 0.6875 0.19951923076923078 0.052884615384615384
4 0.21394230769230768 0.7668269230769231 0.22115384615384615 0.06971153846153846
0 0.27403846153846156 0.8497596153846154 0.125 0.08173076923076923
2 0.8040865384615384 0.8028846153846154 0.13701923076923078 0.24278846153846154
2 0.6598557692307693 0.7427884615384616 0.125 0.21153846153846154
1 0.6694711538461539 0.25240384615384615 0.25 0.05048076923076923