1 0.30408653846153844 0.24639423076923078 0.15745192307692307 0.036057692307692304
2 0.39783653846153844 0.20552884615384615 0.08533653846153846 0.14423076923076922
0 0.17548076923076922 0.41225961538461536 0.19951923076923078 0.057692307692307696
4 0.3401442307692308 0.35697115384615385 0.19591346153846154 0.07091346153846154
5 0.19471153846153846 0.5336538461538461 0.13822115384615385 0.04567307692307692
0 0.1971153846153846 0.6177884615384616 0.1658653846153846 0.06129807692307692
3 0.35096153846153844 0.6778846153846154 0.15745192307692307 0.06850961538461539
4 0.21754807692307693 0.7692307692307693 0.21394230769230768 0.09495192307692307
2 0.6838942307692307 0.9050480769230769 0.10096153846153846 0.1778846153846154
2 0.6911057692307693 0.7079326923076923 0.10697115384615384 0.1875
1 0.6370192307692307 0.2704326923076923 0.19831730769230768 0.04326923076923077