5 0.2932692307692308 0.19471153846153846 0.09014423076923077 0.04326923076923077
4 0.40625 0.1814903846153846 0.14903846153846154 0.109375
2 0.25600961538461536 0.30528846153846156 0.0829326923076923 0.15504807692307693
2 0.40384615384615385 0.3076923076923077 0.08052884615384616 0.14302884615384615
1 0.20432692307692307 0.47836538461538464 0.21875 0.037259615384615384
0 0.3713942307692308 0.47475961538461536 0.1201923076923077 0.06009615384615385
2 0.34375 0.5396634615384616 0.1875 0.054086538461538464
0 0.20552884615384615 0.6442307692307693 0.140625 0.0673076923076923
4 0.23918269230769232 0.7199519230769231 0.25841346153846156 0.0733173076923077
1 0.2247596153846154 0.7848557692307693 0.15745192307692307 0.06009615384615385
3 0.6887019230769231 0.90625 0.13942307692307693 0.12379807692307693