5 0.09375 0.23798076923076922 0.16346153846153846 0.052884615384615384
1 0.29447115384615385 0.2283653846153846 0.22596153846153846 0.03365384615384615
2 0.10336538461538461 0.359375 0.11057692307692307 0.1658653846153846
2 0.26802884615384615 0.359375 0.09375 0.16105769230769232
0 0.40625 0.41947115384615385 0.12740384615384615 0.040865384615384616
4 0.15264423076923078 0.5348557692307693 0.20673076923076922 0.1201923076923077
2 0.34615384615384615 0.53125 0.19230769230769232 0.057692307692307696
4 0.29447115384615385 0.6129807692307693 0.25 0.0673076923076923
3 0.24519230769230768 0.7415865384615384 0.19230769230769232 0.07211538461538461
0 0.21634615384615385 0.8389423076923077 0.17067307692307693 0.11057692307692307
1 0.6454326923076923 0.41466346153846156 0.22596153846153846 0.04807692307692308