2 0.38822115384615385 0.1971153846153846 0.09014423076923077 0.16706730769230768
3 0.20673076923076922 0.41947115384615385 0.15745192307692307 0.04567307692307692
4 0.21514423076923078 0.5372596153846154 0.23918269230769232 0.08653846153846154
0 0.39302884615384615 0.5408653846153846 0.11658653846153846 0.0625
2 0.3605769230769231 0.6189903846153846 0.18028846153846154 0.051682692307692304
4 0.2620192307692308 0.71875 0.24278846153846154 0.10096153846153846
5 0.2512019230769231 0.7980769230769231 0.1502403846153846 0.05048076923076923
0 0.1814903846153846 0.8786057692307693 0.14543269230769232 0.06370192307692307
2 0.7415865384615384 0.7800480769230769 0.12259615384615384 0.21514423076923078
1 0.6911057692307693 0.43149038461538464 0.23677884615384615 0.052884615384615384
1 0.7980769230769231 0.2512019230769231 0.2692307692307692 0.06009615384615385