5 0.4987980769230769 0.1875 0.1466346153846154 0.06971153846153846
3 0.3269230769230769 0.1658653846153846 0.15384615384615385 0.07932692307692307
2 0.32211538461538464 0.29447115384615385 0.06971153846153846 0.14182692307692307
2 0.41947115384615385 0.3004807692307692 0.0625 0.13701923076923078
0 0.3245192307692308 0.4891826923076923 0.14182692307692307 0.04807692307692308
1 0.30288461538461536 0.5480769230769231 0.19951923076923078 0.04326923076923077
4 0.44350961538461536 0.6370192307692307 0.18990384615384615 0.08413461538461539
0 0.28365384615384615 0.7824519230769231 0.1875 0.0889423076923077
2 0.6310096153846154 0.8834134615384616 0.11538461538461539 0.18269230769230768
4 0.734375 0.3329326923076923 0.32211538461538464 0.18509615384615385
1 0.7463942307692307 0.19591346153846154 0.25240384615384615 0.06009615384615385