5 0.06610576923076923 0.24158653846153846 0.13221153846153846 0.06490384615384616
1 0.2548076923076923 0.24759615384615385 0.18509615384615385 0.04807692307692308
0 0.3173076923076923 0.41225961538461536 0.14423076923076922 0.04807692307692308
0 0.07451923076923077 0.5240384615384616 0.13942307692307693 0.08653846153846154
3 0.30649038461538464 0.5276442307692307 0.15144230769230768 0.07451923076923077
4 0.2848557692307692 0.5997596153846154 0.2283653846153846 0.0625
4 0.13341346153846154 0.78125 0.20192307692307693 0.10096153846153846
2 0.6045673076923077 0.9266826923076923 0.10576923076923077 0.1466346153846154
2 0.7367788461538461 0.7764423076923077 0.11298076923076923 0.21634615384615385
2 0.5925480769230769 0.7247596153846154 0.10576923076923077 0.19471153846153846
1 0.6346153846153846 0.2668269230769231 0.28365384615384615 0.040865384615384616