5 0.49278846153846156 0.1875 0.14543269230769232 0.0673076923076923
3 0.32091346153846156 0.16947115384615385 0.15264423076923078 0.07572115384615384
2 0.31850961538461536 0.2980769230769231 0.06610576923076923 0.14182692307692307
2 0.41586538461538464 0.3016826923076923 0.06009615384615385 0.13701923076923078
0 0.3245192307692308 0.49278846153846156 0.14182692307692307 0.04447115384615385
1 0.30408653846153844 0.5516826923076923 0.19831730769230768 0.039663461538461536
4 0.44591346153846156 0.6382211538461539 0.18870192307692307 0.08173076923076923
0 0.28846153846153844 0.7860576923076923 0.18509615384615385 0.08533653846153846
2 0.6382211538461539 0.8810096153846154 0.11177884615384616 0.1814903846153846
4 0.7319711538461539 0.3293269230769231 0.31971153846153844 0.18028846153846154
1 0.7415865384615384 0.19110576923076922 0.25240384615384615 0.055288461538461536