1 0.17668269230769232 0.16466346153846154 0.19831730769230768 0.04447115384615385
5 0.3870192307692308 0.18629807692307693 0.11298076923076923 0.042067307692307696
1 0.203125 0.3401442307692308 0.21153846153846154 0.039663461538461536
5 0.29447115384615385 0.47475961538461536 0.057692307692307696 0.051682692307692304
4 0.1778846153846154 0.45072115384615385 0.1814903846153846 0.0985576923076923
3 0.2247596153846154 0.5492788461538461 0.16105769230769232 0.054086538461538464
4 0.3737980769230769 0.5324519230769231 0.17427884615384615 0.057692307692307696
3 0.38221153846153844 0.6346153846153846 0.09014423076923077 0.037259615384615384
0 0.2692307692307692 0.6237980769230769 0.17908653846153846 0.08533653846153846
2 0.6274038461538461 0.6478365384615384 0.10336538461538461 0.17908653846153846
2 0.7175480769230769 0.6802884615384616 0.12139423076923077 0.1971153846153846
2 0.8497596153846154 0.7139423076923077 0.14543269230769232 0.2247596153846154