0 0.15144230769230768 0.25600961538461536 0.15865384615384615 0.10096153846153846
0 0.39302884615384615 0.2848557692307692 0.15384615384615385 0.04807692307692308
2 0.27524038461538464 0.22355769230769232 0.09375 0.17067307692307693
1 0.20552884615384615 0.4254807692307692 0.1971153846153846 0.04567307692307692
4 0.390625 0.41466346153846156 0.20192307692307693 0.08173076923076923
2 0.19591346153846154 0.5588942307692307 0.18269230769230768 0.07451923076923077
2 0.3737980769230769 0.546875 0.1778846153846154 0.0625
4 0.21634615384615385 0.6310096153846154 0.22355769230769232 0.09375
5 0.23317307692307693 0.7920673076923077 0.11057692307692307 0.07451923076923077
3 0.23798076923076922 0.8701923076923077 0.17548076923076922 0.07932692307692307
1 0.6430288461538461 0.4326923076923077 0.20673076923076922 0.06009615384615385