4 0.22716346153846154 0.1814903846153846 0.27163461538461536 0.09375
0 0.43509615384615385 0.21754807692307693 0.15865384615384615 0.03365384615384615
2 0.15504807692307693 0.3137019230769231 0.09375 0.16346153846153846
0 0.2956730769230769 0.3870192307692308 0.15384615384615385 0.03365384615384615
1 0.36658653846153844 0.36658653846153844 0.15384615384615385 0.04326923076923077
3 0.40865384615384615 0.5048076923076923 0.14423076923076922 0.040865384615384616
1 0.3545673076923077 0.5637019230769231 0.20192307692307693 0.052884615384615384
5 0.32211538461538464 0.6766826923076923 0.13221153846153846 0.06009615384615385
4 0.23677884615384615 0.765625 0.22115384615384615 0.10336538461538461
2 0.27283653846153844 0.8173076923076923 0.1875 0.07451923076923077
2 0.6850961538461539 0.6935096153846154 0.10817307692307693 0.19951923076923078