1 0.2283653846153846 0.2860576923076923 0.23076923076923078 0.046875
1 0.6983173076923077 0.3112980769230769 0.23798076923076922 0.04447115384615385
0 0.4050480769230769 0.30288461538461536 0.12860576923076922 0.046875
2 0.13221153846153846 0.40625 0.07932692307692307 0.15745192307692307
2 0.41466346153846156 0.41225961538461536 0.0625 0.14182692307692307
2 0.37259615384615385 0.5865384615384616 0.19230769230769232 0.054086538461538464
5 0.28365384615384615 0.4639423076923077 0.1310096153846154 0.05048076923076923
4 0.17427884615384615 0.5817307692307693 0.17067307692307693 0.09134615384615384
3 0.3786057692307692 0.6658653846153846 0.19591346153846154 0.04447115384615385
0 0.2283653846153846 0.7752403846153846 0.15625 0.05889423076923077
0 0.21514423076923078 0.8473557692307693 0.23798076923076922 0.07572115384615384