3 0.18990384615384615 0.18990384615384615 0.15625 0.08173076923076923
4 0.3894230769230769 0.21634615384615385 0.2403846153846154 0.08653846153846154
0 0.3786057692307692 0.35336538461538464 0.16826923076923078 0.09134615384615384
5 0.24519230769230768 0.36899038461538464 0.12259615384615384 0.04807692307692308
2 0.34134615384615385 0.4963942307692308 0.19230769230769232 0.06009615384615385
2 0.15745192307692307 0.48677884615384615 0.06490384615384616 0.07211538461538461
2 0.27163461538461536 0.5637019230769231 0.19230769230769232 0.0625
5 0.3112980769230769 0.6586538461538461 0.10096153846153846 0.04567307692307692
1 0.23076923076923078 0.7127403846153846 0.15384615384615385 0.04807692307692308
0 0.7920673076923077 0.7848557692307693 0.2091346153846154 0.15144230769230768
4 0.6646634615384616 0.7067307692307693 0.19951923076923078 0.23076923076923078
1 0.6826923076923077 0.38221153846153844 0.30288461538461536 0.06490384615384616