1 0.20552884615384615 0.21634615384615385 0.18870192307692307 0.042067307692307696
2 0.1778846153846154 0.3389423076923077 0.109375 0.15745192307692307
4 0.4026442307692308 0.3701923076923077 0.22596153846153846 0.08052884615384616
5 0.24158653846153846 0.5204326923076923 0.1502403846153846 0.05048076923076923
4 0.41586538461538464 0.49399038461538464 0.20192307692307693 0.10216346153846154
0 0.39663461538461536 0.5745192307692307 0.12139423076923077 0.03485576923076923
1 0.3004807692307692 0.6778846153846154 0.20192307692307693 0.057692307692307696
3 0.2548076923076923 0.7632211538461539 0.1622596153846154 0.06610576923076923
2 0.7379807692307693 0.9146634615384616 0.1141826923076923 0.17067307692307693
2 0.6790865384615384 0.6899038461538461 0.10216346153846154 0.19110576923076922
0 0.8040865384615384 0.7944711538461539 0.21875 0.08774038461538461