1 0.6634615384615384 0.4879807692307692 0.13221153846153846 0.052884615384615384
1 0.9471153846153846 0.5024038461538461 0.10576923076923077 0.04326923076923077
1 0.7463942307692307 0.2956730769230769 0.29086538461538464 0.09134615384615384
1 0.32211538461538464 0.6971153846153846 0.20673076923076922 0.06009615384615385
3 0.24879807692307693 0.28125 0.1658653846153846 0.07692307692307693
4 0.3701923076923077 0.28365384615384615 0.17548076923076922 0.09134615384615384
2 0.20552884615384615 0.41225961538461536 0.08173076923076923 0.17307692307692307
5 0.23798076923076922 0.6153846153846154 0.13701923076923078 0.0625
0 0.35096153846153844 0.8112980769230769 0.18028846153846154 0.09375
4 0.3125 0.9002403846153846 0.2668269230769231 0.10096153846153846
2 0.7283653846153846 0.84375 0.15865384615384615 0.2548076923076923