0 0.33413461538461536 0.23798076923076922 0.1346153846153846 0.0625
2 0.20072115384615385 0.4026442307692308 0.21634615384615385 0.0673076923076923
0 0.18990384615384615 0.5492788461538461 0.14423076923076922 0.057692307692307696
4 0.35336538461538464 0.515625 0.22115384615384615 0.0985576923076923
1 0.15625 0.609375 0.17548076923076922 0.04807692307692308
3 0.36778846153846156 0.5973557692307693 0.16346153846153846 0.057692307692307696
5 0.2692307692307692 0.7055288461538461 0.14182692307692307 0.0673076923076923
4 0.21514423076923078 0.7884615384615384 0.20192307692307693 0.08413461538461539
1 0.22115384615384615 0.8413461538461539 0.20673076923076922 0.06490384615384616
2 0.6586538461538461 0.71875 0.11298076923076923 0.20192307692307693
2 0.71875 0.9278846153846154 0.11778846153846154 0.1346153846153846