4 0.15384615384615385 0.171875 0.27884615384615385 0.09254807692307693
0 0.3641826923076923 0.21514423076923078 0.16466346153846154 0.036057692307692304
5 0.10336538461538461 0.3713942307692308 0.13701923076923078 0.05048076923076923
1 0.3016826923076923 0.3605769230769231 0.16346153846153846 0.038461538461538464
4 0.140625 0.47836538461538464 0.20432692307692307 0.09975961538461539
3 0.33774038461538464 0.5024038461538461 0.15384615384615385 0.04326923076923077
1 0.27884615384615385 0.5625 0.20793269230769232 0.039663461538461536
0 0.1935096153846154 0.7536057692307693 0.140625 0.057692307692307696
2 0.6394230769230769 0.9134615384615384 0.10096153846153846 0.171875
2 0.7127403846153846 0.7271634615384616 0.10576923076923077 0.203125
2 0.6177884615384616 0.6923076923076923 0.10697115384615384 0.19230769230769232