1 0.21514423076923078 0.20673076923076922 0.18990384615384615 0.04807692307692308
2 0.18389423076923078 0.328125 0.11538461538461539 0.16105769230769232
4 0.4074519230769231 0.36658653846153844 0.2283653846153846 0.0889423076923077
5 0.24158653846153846 0.5108173076923077 0.15144230769230768 0.055288461538461536
4 0.41586538461538464 0.49158653846153844 0.20432692307692307 0.10817307692307693
0 0.3942307692307692 0.5709134615384616 0.12259615384615384 0.038461538461538464
1 0.29447115384615385 0.6706730769230769 0.20432692307692307 0.06490384615384616
3 0.24519230769230768 0.7548076923076923 0.16346153846153846 0.07211538461538461
2 0.7235576923076923 0.9170673076923077 0.1201923076923077 0.1658653846153846
2 0.671875 0.6959134615384616 0.10817307692307693 0.19471153846153846
0 0.7932692307692307 0.8052884615384616 0.22115384615384615 0.09615384615384616