0 0.2668269230769231 0.23798076923076922 0.2091346153846154 0.0625
3 0.42427884615384615 0.23918269230769232 0.11057692307692307 0.0673076923076923
4 0.17908653846153846 0.35336538461538464 0.14423076923076922 0.13942307692307693
1 0.3329326923076923 0.3918269230769231 0.15625 0.040865384615384616
3 0.16105769230769232 0.5288461538461539 0.07211538461538461 0.04807692307692308
5 0.4254807692307692 0.5144230769230769 0.0985576923076923 0.04807692307692308
2 0.2824519230769231 0.5889423076923077 0.10576923076923077 0.07211538461538461
2 0.36538461538461536 0.5853365384615384 0.07451923076923077 0.07692307692307693
2 0.43149038461538464 0.5841346153846154 0.0625 0.07211538461538461
1 0.36177884615384615 0.671875 0.18509615384615385 0.04807692307692308
4 0.28966346153846156 0.7572115384615384 0.1658653846153846 0.07451923076923077
0 0.7451923076923077 0.41346153846153844 0.19951923076923078 0.10576923076923077