2 0.4266826923076923 0.18389423076923078 0.09615384615384616 0.15865384615384615
4 0.27884615384615385 0.23317307692307693 0.21875 0.08653846153846154
1 0.234375 0.40625 0.18990384615384615 0.05048076923076923
3 0.4375 0.40625 0.13701923076923078 0.05048076923076923
1 0.359375 0.5216346153846154 0.20192307692307693 0.04807692307692308
2 0.18509615384615385 0.5396634615384616 0.08413461538461539 0.07932692307692307
5 0.3942307692307692 0.5997596153846154 0.125 0.06971153846153846
4 0.3088942307692308 0.6935096153846154 0.27163461538461536 0.1201923076923077
0 0.3293269230769231 0.7800480769230769 0.16346153846153846 0.07692307692307693
0 0.25841346153846156 0.8677884615384616 0.14903846153846154 0.06971153846153846
2 0.6911057692307693 0.7007211538461539 0.11538461538461539 0.19230769230769232