2 0.2247596153846154 0.21514423076923078 0.08653846153846154 0.15865384615384615
2 0.3894230769230769 0.4326923076923077 0.18269230769230768 0.04807692307692308
2 0.7319711538461539 0.75 0.10576923076923077 0.20192307692307693
0 0.13942307692307693 0.23317307692307693 0.08173076923076923 0.1201923076923077
1 0.7235576923076923 0.29927884615384615 0.2283653846153846 0.04807692307692308
1 0.3701923076923077 0.609375 0.18269230769230768 0.038461538461538464
3 0.23557692307692307 0.5552884615384616 0.14903846153846154 0.04807692307692308
5 0.3125 0.71875 0.13942307692307693 0.06490384615384616
4 0.2704326923076923 0.8028846153846154 0.22115384615384615 0.09615384615384616
0 0.3942307692307692 0.8617788461538461 0.14423076923076922 0.07211538461538461
4 0.8701923076923077 0.7644230769230769 0.23557692307692307 0.24519230769230768