2 0.14903846153846154 0.14903846153846154 0.09375 0.17067307692307693
3 0.28966346153846156 0.21634615384615385 0.1466346153846154 0.06490384615384616
4 0.15985576923076922 0.36538461538461536 0.19951923076923078 0.10336538461538461
1 0.34975961538461536 0.3798076923076923 0.1971153846153846 0.04326923076923077
5 0.18389423076923078 0.5168269230769231 0.1201923076923077 0.05048076923076923
4 0.3918269230769231 0.49399038461538464 0.21634615384615385 0.09375
0 0.328125 0.5805288461538461 0.16346153846153846 0.07211538461538461
0 0.18269230769230768 0.7091346153846154 0.1346153846153846 0.06490384615384616
2 0.6286057692307693 0.921875 0.0985576923076923 0.15625
2 0.7367788461538461 0.9579326923076923 0.11298076923076923 0.08413461538461539
1 0.6057692307692307 0.4050480769230769 0.20673076923076922 0.052884615384615384