4 0.1971153846153846 0.14783653846153846 0.2620192307692308 0.09134615384615384
0 0.40024038461538464 0.18870192307692307 0.1466346153846154 0.038461538461538464
5 0.15144230769230768 0.3449519230769231 0.12740384615384615 0.04807692307692308
1 0.3317307692307692 0.33774038461538464 0.15384615384615385 0.04326923076923077
4 0.18509615384615385 0.4495192307692308 0.18509615384615385 0.10336538461538461
3 0.3713942307692308 0.46875 0.14182692307692307 0.04807692307692308
1 0.32211538461538464 0.5288461538461539 0.1971153846153846 0.038461538461538464
0 0.24278846153846154 0.7115384615384616 0.13942307692307693 0.052884615384615384
2 0.6754807692307693 0.8521634615384616 0.10096153846153846 0.1778846153846154
2 0.6478365384615384 0.6346153846153846 0.10096153846153846 0.17548076923076922
2 0.7752403846153846 0.6730769230769231 0.11057692307692307 0.19951923076923078