4 0.34615384615384615 0.24519230769230768 0.29086538461538464 0.0889423076923077
1 0.19831730769230768 0.40024038461538464 0.23557692307692307 0.04807692307692308
1 0.65625 0.4411057692307692 0.2091346153846154 0.06009615384615385
0 0.18990384615384615 0.5408653846153846 0.14903846153846154 0.06490384615384616
2 0.1875 0.5276442307692307 0.1971153846153846 0.0625
3 0.3605769230769231 0.5348557692307693 0.1201923076923077 0.0673076923076923
4 0.33653846153846156 0.6009615384615384 0.2091346153846154 0.0673076923076923
1 0.20432692307692307 0.7007211538461539 0.13221153846153846 0.09615384615384616
5 0.22355769230769232 0.8774038461538461 0.12980769230769232 0.0985576923076923
2 0.765625 0.9675480769230769 0.12259615384615384 0.06490384615384616
2 0.6622596153846154 0.7620192307692307 0.12740384615384615 0.2091346153846154