1 0.15504807692307693 0.22716346153846154 0.19471153846153846 0.04326923076923077
4 0.3713942307692308 0.22235576923076922 0.16466346153846154 0.10336538461538461
3 0.16346153846153846 0.4098557692307692 0.15865384615384615 0.055288461538461536
4 0.296875 0.3870192307692308 0.1346153846153846 0.08533653846153846
2 0.4014423076923077 0.36778846153846156 0.0733173076923077 0.15144230769230768
2 0.09615384615384616 0.5096153846153846 0.0889423076923077 0.14903846153846154
0 0.3545673076923077 0.5372596153846154 0.12980769230769232 0.06009615384615385
2 0.21995192307692307 0.7175480769230769 0.19831730769230768 0.078125
0 0.1310096153846154 0.8125 0.15985576923076922 0.05889423076923077
5 0.10576923076923077 0.8894230769230769 0.10697115384615384 0.1045673076923077
1 0.75 0.24278846153846154 0.24639423076923078 0.046875