1 0.2608173076923077 0.18870192307692307 0.17307692307692307 0.04807692307692308
2 0.1310096153846154 0.125 0.08413461538461539 0.16826923076923078
3 0.4254807692307692 0.21875 0.09615384615384616 0.03125
3 0.15504807692307693 0.3701923076923077 0.11778846153846154 0.04326923076923077
4 0.1935096153846154 0.47836538461538464 0.1778846153846154 0.08413461538461539
0 0.38221153846153844 0.4795673076923077 0.15144230769230768 0.07932692307692307
4 0.2980769230769231 0.5552884615384616 0.21153846153846154 0.06490384615384616
5 0.21394230769230768 0.7367788461538461 0.1658653846153846 0.06009615384615385
1 0.2848557692307692 0.7800480769230769 0.18269230769230768 0.0625
2 0.6742788461538461 0.671875 0.12259615384615384 0.1875
2 0.7620192307692307 0.7043269230769231 0.13942307692307693 0.20192307692307693