0 0.15985576923076922 0.2439903846153846 0.15504807692307693 0.09615384615384616
0 0.40024038461538464 0.28125 0.15144230769230768 0.042067307692307696
2 0.2848557692307692 0.21634615384615385 0.08774038461538461 0.16706730769230768
1 0.20793269230769232 0.41466346153846156 0.19591346153846154 0.039663461538461536
4 0.3942307692307692 0.4110576923076923 0.19951923076923078 0.07572115384615384
2 0.1935096153846154 0.5480769230769231 0.1814903846153846 0.06850961538461539
2 0.37259615384615385 0.5420673076923077 0.17668269230769232 0.056490384615384616
4 0.21153846153846154 0.6213942307692307 0.22115384615384615 0.08533653846153846
5 0.22355769230769232 0.7824519230769231 0.10817307692307693 0.06971153846153846
3 0.2247596153846154 0.8605769230769231 0.17307692307692307 0.07451923076923077
1 0.6454326923076923 0.4375 0.20552884615384615 0.054086538461538464