1 0.3125 0.234375 0.22596153846153846 0.04326923076923077
4 0.3605769230769231 0.36899038461538464 0.14182692307692307 0.13701923076923078
0 0.23677884615384615 0.5096153846153846 0.1658653846153846 0.0673076923076923
3 0.390625 0.5132211538461539 0.10096153846153846 0.06490384615384616
0 0.22716346153846154 0.7151442307692307 0.13221153846153846 0.07451923076923077
5 0.26322115384615385 0.7572115384615384 0.11298076923076923 0.07451923076923077
4 0.2956730769230769 0.8209134615384616 0.21875 0.09375
2 0.6947115384615384 0.9194711538461539 0.10576923076923077 0.16105769230769232
2 0.8209134615384616 0.9519230769230769 0.12740384615384615 0.09615384615384616
2 0.6911057692307693 0.7223557692307693 0.10336538461538461 0.19951923076923078
1 0.6706730769230769 0.40865384615384615 0.2091346153846154 0.057692307692307696