2 0.22956730769230768 0.1778846153846154 0.10336538461538461 0.17067307692307693
2 0.359375 0.34615384615384615 0.08653846153846154 0.14423076923076922
3 0.2127403846153846 0.4074519230769231 0.15865384615384615 0.04567307692307692
0 0.45072115384615385 0.4831730769230769 0.13221153846153846 0.10817307692307693
4 0.21875 0.4951923076923077 0.12259615384615384 0.13221153846153846
1 0.28966346153846156 0.5913461538461539 0.19951923076923078 0.052884615384615384
3 0.43990384615384615 0.8221153846153846 0.13701923076923078 0.07692307692307693
4 0.4338942307692308 0.6706730769230769 0.1658653846153846 0.08653846153846154
2 0.6514423076923077 0.8894230769230769 0.10817307692307693 0.1875
5 0.6887019230769231 0.38461538461538464 0.19230769230769232 0.09615384615384616
1 0.7151442307692307 0.23677884615384615 0.25240384615384615 0.05048076923076923