2 0.21153846153846154 0.17067307692307693 0.10216346153846154 0.1658653846153846
1 0.1971153846153846 0.37740384615384615 0.20673076923076922 0.037259615384615384
0 0.390625 0.24879807692307693 0.1310096153846154 0.037259615384615384
0 0.3641826923076923 0.39663461538461536 0.13581730769230768 0.051682692307692304
2 0.3641826923076923 0.5096153846153846 0.17307692307692307 0.054086538461538464
2 0.36778846153846156 0.5829326923076923 0.1814903846153846 0.05889423076923077
5 0.21394230769230768 0.5973557692307693 0.11899038461538461 0.056490384615384616
4 0.2800480769230769 0.6670673076923077 0.21153846153846154 0.09014423076923077
3 0.25240384615384615 0.7560096153846154 0.13822115384615385 0.07211538461538461
4 0.6358173076923077 0.6899038461538461 0.18990384615384615 0.21514423076923078
1 0.6430288461538461 0.390625 0.20072115384615385 0.051682692307692304