4 0.20673076923076922 0.14182692307692307 0.23317307692307693 0.1466346153846154
4 0.4014423076923077 0.16706730769230768 0.18990384615384615 0.1201923076923077
3 0.31490384615384615 0.35697115384615385 0.10576923076923077 0.052884615384615384
3 0.41586538461538464 0.35216346153846156 0.06490384615384616 0.04326923076923077
5 0.15144230769230768 0.4639423076923077 0.08653846153846154 0.04567307692307692
1 0.3485576923076923 0.4567307692307692 0.14423076923076922 0.04807692307692308
3 0.30649038461538464 0.6213942307692307 0.0985576923076923 0.06490384615384616
0 0.30649038461538464 0.6935096153846154 0.1971153846153846 0.08413461538461539
2 0.6778846153846154 0.8485576923076923 0.11057692307692307 0.1658653846153846
2 0.7920673076923077 0.6995192307692307 0.12259615384615384 0.20192307692307693
1 0.6862980769230769 0.35697115384615385 0.25 0.04807692307692308