4 0.3918269230769231 0.19471153846153846 0.23677884615384615 0.0733173076923077
2 0.15985576923076922 0.31850961538461536 0.09014423076923077 0.1658653846153846
3 0.2536057692307692 0.3605769230769231 0.12379807692307693 0.06490384615384616
0 0.3870192307692308 0.34975961538461536 0.1778846153846154 0.08173076923076923
1 0.23317307692307693 0.49759615384615385 0.17548076923076922 0.038461538461538464
5 0.4230769230769231 0.49038461538461536 0.09254807692307693 0.037259615384615384
2 0.28725961538461536 0.5709134615384616 0.19230769230769232 0.057692307692307696
0 0.43028846153846156 0.5661057692307693 0.10216346153846154 0.05048076923076923
4 0.2980769230769231 0.6502403846153846 0.20793269230769232 0.0829326923076923
5 0.26322115384615385 0.7800480769230769 0.052884615384615384 0.03125
2 0.6550480769230769 0.6706730769230769 0.11298076923076923 0.17668269230769232
1 0.6947115384615384 0.3605769230769231 0.28125 0.05048076923076923