1 0.10697115384615384 0.23798076923076922 0.2127403846153846 0.04807692307692308
0 0.34615384615384615 0.2620192307692308 0.12139423076923077 0.04807692307692308
4 0.11899038461538461 0.40024038461538464 0.19471153846153846 0.12379807692307693
5 0.3449519230769231 0.41466346153846156 0.11778846153846154 0.04447115384615385
2 0.1466346153846154 0.5480769230769231 0.21153846153846154 0.054086538461538464
0 0.16466346153846154 0.7139423076923077 0.14182692307692307 0.06370192307692307
4 0.203125 0.7944711538461539 0.27283653846153844 0.08774038461538461
3 0.65625 0.9495192307692307 0.14423076923076922 0.10096153846153846
2 0.640625 0.7259615384615384 0.10096153846153846 0.18870192307692307
2 0.7560096153846154 0.7632211538461539 0.12379807692307693 0.21394230769230768
1 0.6754807692307693 0.40865384615384615 0.2247596153846154 0.04927884615384615