1 0.09975961538461539 0.25841346153846156 0.19951923076923078 0.06009615384615385
0 0.33413461538461536 0.2704326923076923 0.12259615384615384 0.055288461538461536
4 0.1141826923076923 0.4206730769230769 0.20192307692307693 0.1346153846153846
5 0.3401442307692308 0.4230769230769231 0.1201923076923077 0.05048076923076923
2 0.14903846153846154 0.5661057692307693 0.21394230769230768 0.06490384615384616
0 0.17668269230769232 0.7307692307692307 0.14423076923076922 0.07211538461538461
4 0.21875 0.8100961538461539 0.2764423076923077 0.10096153846153846
3 0.6790865384615384 0.9411057692307693 0.14903846153846154 0.10817307692307693
2 0.6526442307692307 0.71875 0.11057692307692307 0.19471153846153846
2 0.7692307692307693 0.75 0.1346153846153846 0.22115384615384615
1 0.6706730769230769 0.39903846153846156 0.22596153846153846 0.06009615384615385