2 0.4375 0.1814903846153846 0.09014423076923077 0.15504807692307693
4 0.28846153846153844 0.22596153846153846 0.21634615384615385 0.07932692307692307
1 0.23798076923076922 0.39663461538461536 0.1875 0.04326923076923077
3 0.4411057692307692 0.40384615384615385 0.1346153846153846 0.046875
1 0.3581730769230769 0.5168269230769231 0.19951923076923078 0.042067307692307696
2 0.18389423076923078 0.5288461538461539 0.08173076923076923 0.07692307692307693
5 0.390625 0.5961538461538461 0.12259615384615384 0.06490384615384616
4 0.3016826923076923 0.6862980769230769 0.2668269230769231 0.11057692307692307
0 0.31971153846153844 0.7740384615384616 0.16105769230769232 0.07211538461538461
0 0.24519230769230768 0.859375 0.1466346153846154 0.06490384615384616
2 0.6838942307692307 0.7067307692307693 0.109375 0.18870192307692307