1 0.23197115384615385 0.28125 0.23076923076923078 0.05048076923076923
1 0.7019230769230769 0.31490384615384615 0.23798076923076922 0.04807692307692308
0 0.40865384615384615 0.3016826923076923 0.12980769230769232 0.04807692307692308
2 0.13341346153846154 0.40024038461538464 0.08173076923076923 0.15865384615384615
2 0.41586538461538464 0.4110576923076923 0.06490384615384616 0.14182692307692307
2 0.3713942307692308 0.5841346153846154 0.19230769230769232 0.057692307692307696
5 0.2848557692307692 0.46033653846153844 0.13221153846153846 0.052884615384615384
4 0.17307692307692307 0.5757211538461539 0.17307692307692307 0.09375
3 0.3762019230769231 0.6634615384615384 0.1971153846153846 0.04807692307692308
0 0.22355769230769232 0.7704326923076923 0.15625 0.0625
0 0.2091346153846154 0.8425480769230769 0.2403846153846154 0.07932692307692307