4 0.4098557692307692 0.22716346153846154 0.22596153846153846 0.08413461538461539
2 0.18028846153846154 0.34134615384615385 0.07932692307692307 0.15144230769230768
5 0.265625 0.3954326923076923 0.10336538461538461 0.036057692307692304
0 0.39783653846153844 0.37259615384615385 0.15625 0.08653846153846154
2 0.36899038461538464 0.5144230769230769 0.17548076923076922 0.052884615384615384
3 0.2127403846153846 0.5168269230769231 0.1346153846153846 0.06009615384615385
2 0.29927884615384615 0.5877403846153846 0.18509615384615385 0.057692307692307696
0 0.4411057692307692 0.5865384615384616 0.0985576923076923 0.04807692307692308
1 0.26322115384615385 0.6826923076923077 0.16105769230769232 0.05048076923076923
5 0.41466346153846156 0.8137019230769231 0.11057692307692307 0.05048076923076923
4 0.7415865384615384 0.7259615384615384 0.20192307692307693 0.22596153846153846
1 0.7199519230769231 0.3798076923076923 0.27884615384615385 0.04567307692307692