1 0.22115384615384615 0.21875 0.23317307692307693 0.04447115384615385
1 0.6947115384615384 0.4110576923076923 0.2283653846153846 0.057692307692307696
4 0.3581730769230769 0.3786057692307692 0.21875 0.09735576923076923
5 0.41466346153846156 0.5276442307692307 0.11538461538461539 0.05048076923076923
2 0.21754807692307693 0.6201923076923077 0.21514423076923078 0.05889423076923077
4 0.3737980769230769 0.5973557692307693 0.18509615384615385 0.057692307692307696
0 0.2439903846153846 0.6947115384615384 0.12740384615384615 0.09014423076923077
3 0.23798076923076922 0.7884615384615384 0.11177884615384616 0.07692307692307693
2 0.8161057692307693 0.9543269230769231 0.13221153846153846 0.09134615384615384
2 0.7067307692307693 0.7367788461538461 0.11177884615384616 0.20072115384615385
0 0.44711538461538464 0.25721153846153844 0.13341346153846154 0.039663461538461536