5 0.15865384615384615 0.2127403846153846 0.16105769230769232 0.04567307692307692
4 0.36538461538461536 0.203125 0.24519230769230768 0.10096153846153846
3 0.15865384615384615 0.3858173076923077 0.15625 0.07211538461538461
2 0.2776442307692308 0.33774038461538464 0.09615384615384616 0.16346153846153846
0 0.4026442307692308 0.3954326923076923 0.15144230769230768 0.04807692307692308
0 0.15264423076923078 0.5072115384615384 0.12740384615384615 0.09615384615384616
1 0.3401442307692308 0.5120192307692307 0.16105769230769232 0.04326923076923077
4 0.36177884615384615 0.5877403846153846 0.23076923076923078 0.0673076923076923
2 0.2536057692307692 0.7704326923076923 0.1971153846153846 0.07692307692307693
2 0.6478365384615384 0.9399038461538461 0.1201923076923077 0.1201923076923077
5 0.65625 0.41586538461538464 0.14903846153846154 0.07692307692307693
1 0.7331730769230769 0.23197115384615385 0.28846153846153844 0.052884615384615384