2 0.30528846153846156 0.14903846153846154 0.10096153846153846 0.17548076923076922
2 0.3870192307692308 0.15384615384615385 0.0985576923076923 0.1658653846153846
0 0.20673076923076922 0.35096153846153844 0.16105769230769232 0.11778846153846154
3 0.125 0.5204326923076923 0.125 0.055288461538461536
1 0.390625 0.48677884615384615 0.09375 0.057692307692307696
5 0.30408653846153844 0.578125 0.07932692307692307 0.057692307692307696
3 0.3870192307692308 0.5817307692307693 0.0985576923076923 0.038461538461538464
4 0.19230769230769232 0.6959134615384616 0.20192307692307693 0.14423076923076922
4 0.25240384615384615 0.8209134615384616 0.20673076923076922 0.10096153846153846
2 0.5625 0.875 0.0985576923076923 0.17548076923076922
1 0.7908653846153846 0.4266826923076923 0.24278846153846154 0.07211538461538461