5 0.08533653846153846 0.25240384615384615 0.1658653846153846 0.057692307692307696
1 0.2848557692307692 0.23557692307692307 0.22596153846153846 0.040865384615384616
2 0.0985576923076923 0.3737980769230769 0.11778846153846154 0.17067307692307693
2 0.26322115384615385 0.36778846153846156 0.0985576923076923 0.16346153846153846
0 0.40384615384615385 0.4230769230769231 0.12980769230769232 0.04567307692307692
4 0.15384615384615385 0.546875 0.21153846153846154 0.125
2 0.3473557692307692 0.5360576923076923 0.19230769230769232 0.06490384615384616
4 0.2980769230769231 0.6201923076923077 0.25240384615384615 0.07451923076923077
3 0.2536057692307692 0.75 0.1971153846153846 0.07932692307692307
0 0.2283653846153846 0.8485576923076923 0.17548076923076922 0.11778846153846154
1 0.6418269230769231 0.4098557692307692 0.2283653846153846 0.057692307692307696