1 0.20552884615384615 0.27524038461538464 0.18990384615384615 0.0625
0 0.42427884615384615 0.28125 0.1346153846153846 0.05048076923076923
4 0.20793269230769232 0.4326923076923077 0.1971153846153846 0.1346153846153846
5 0.43149038461538464 0.43990384615384615 0.11538461538461539 0.04807692307692308
2 0.24158653846153846 0.5733173076923077 0.20673076923076922 0.0673076923076923
3 0.44471153846153844 0.5492788461538461 0.11778846153846154 0.06971153846153846
4 0.25721153846153844 0.65625 0.23076923076923078 0.10096153846153846
2 0.32211538461538464 0.7463942307692307 0.1971153846153846 0.07451923076923077
0 0.2403846153846154 0.9158653846153846 0.11778846153846154 0.08173076923076923
2 0.7139423076923077 0.7548076923076923 0.12259615384615384 0.20673076923076922
1 0.75 0.4206730769230769 0.23557692307692307 0.07211538461538461