0 0.3485576923076923 0.22956730769230768 0.1346153846153846 0.06009615384615385
2 0.20673076923076922 0.3870192307692308 0.21634615384615385 0.0625
0 0.1875 0.5324519230769231 0.14182692307692307 0.055288461538461536
4 0.35336538461538464 0.5084134615384616 0.22115384615384615 0.09615384615384616
1 0.15144230769230768 0.5913461538461539 0.17548076923076922 0.04567307692307692
3 0.3629807692307692 0.5901442307692307 0.16346153846153846 0.055288461538461536
5 0.25841346153846156 0.6935096153846154 0.14182692307692307 0.06490384615384616
4 0.20072115384615385 0.7740384615384616 0.19951923076923078 0.08173076923076923
1 0.203125 0.8269230769230769 0.20673076923076922 0.0625
2 0.6478365384615384 0.7271634615384616 0.11057692307692307 0.19951923076923078
2 0.6947115384615384 0.9362980769230769 0.11538461538461539 0.12740384615384615