1 0.15504807692307693 0.2548076923076923 0.1875 0.040865384615384616
4 0.3641826923076923 0.2403846153846154 0.15384615384615385 0.10576923076923077
3 0.16105769230769232 0.43509615384615385 0.15264423076923078 0.05048076923076923
2 0.3870192307692308 0.38461538461538464 0.0733173076923077 0.14543269230769232
5 0.16105769230769232 0.5733173076923077 0.16105769230769232 0.046875
0 0.35336538461538464 0.5528846153846154 0.13701923076923078 0.06490384615384616
4 0.21754807692307693 0.7331730769230769 0.25841346153846156 0.10216346153846154
0 0.13942307692307693 0.828125 0.15625 0.0625
2 0.3088942307692308 0.8858173076923077 0.18990384615384615 0.07211538461538461
1 0.7536057692307693 0.2692307692307692 0.265625 0.051682692307692304
2 0.7139423076923077 0.7908653846153846 0.12139423076923077 0.21875