4 0.1658653846153846 0.15985576923076922 0.28125 0.10336538461538461
0 0.3737980769230769 0.21033653846153846 0.1658653846153846 0.040865384615384616
5 0.10817307692307693 0.3581730769230769 0.13942307692307693 0.055288461538461536
1 0.30649038461538464 0.35336538461538464 0.1658653846153846 0.04326923076923077
4 0.14182692307692307 0.46634615384615385 0.20673076923076922 0.10576923076923077
3 0.33774038461538464 0.4963942307692308 0.15625 0.04807692307692308
1 0.2764423076923077 0.5552884615384616 0.2091346153846154 0.04807692307692308
0 0.18509615384615385 0.7427884615384616 0.14182692307692307 0.0625
2 0.625 0.9146634615384616 0.10576923076923077 0.17067307692307693
2 0.7043269230769231 0.734375 0.11298076923076923 0.20673076923076922
2 0.6105769230769231 0.6959134615384616 0.11298076923076923 0.1971153846153846