0 0.37740384615384615 0.23197115384615385 0.15625 0.03245192307692308
4 0.32211538461538464 0.36658653846153844 0.16706730769230768 0.07091346153846154
3 0.16346153846153846 0.5096153846153846 0.1622596153846154 0.05048076923076923
1 0.32211538461538464 0.49399038461538464 0.14783653846153846 0.036057692307692304
4 0.17908653846153846 0.5853365384615384 0.19591346153846154 0.0985576923076923
2 0.34375 0.5697115384615384 0.16466346153846154 0.051682692307692304
0 0.29086538461538464 0.671875 0.14302884615384615 0.07932692307692307
2 0.24639423076923078 0.7391826923076923 0.18629807692307693 0.06009615384615385
5 0.28966346153846156 0.8185096153846154 0.054086538461538464 0.039663461538461536
2 0.5997596153846154 0.6778846153846154 0.09134615384615384 0.1814903846153846
5 0.6057692307692307 0.375 0.12620192307692307 0.08052884615384616
1 0.6899038461538461 0.21875 0.27403846153846156 0.05048076923076923