2 0.23557692307692307 0.17307692307692307 0.10096153846153846 0.16826923076923078
2 0.36177884615384615 0.34375 0.08413461538461539 0.14182692307692307
3 0.21394230769230768 0.4026442307692308 0.15865384615384615 0.042067307692307696
0 0.45072115384615385 0.48197115384615385 0.12980769230769232 0.10697115384615384
4 0.21875 0.49038461538461536 0.12139423076923077 0.1310096153846154
1 0.28846153846153844 0.5877403846153846 0.19831730769230768 0.04927884615384615
3 0.4338942307692308 0.8209134615384616 0.1346153846153846 0.07451923076923077
4 0.43149038461538464 0.6694711538461539 0.16466346153846154 0.08413461538461539
2 0.6442307692307693 0.8918269230769231 0.10576923076923077 0.18509615384615385
5 0.6911057692307693 0.38822115384615385 0.18990384615384615 0.09375
1 0.7199519230769231 0.2403846153846154 0.2512019230769231 0.046875