4 0.19471153846153846 0.15264423076923078 0.22956730769230768 0.13942307692307693
4 0.3894230769230769 0.17067307692307693 0.18509615384615385 0.11298076923076923
3 0.31009615384615385 0.3629807692307692 0.10336538461538461 0.04927884615384615
3 0.4110576923076923 0.3557692307692308 0.06370192307692307 0.042067307692307696
5 0.1502403846153846 0.47596153846153844 0.08413461538461539 0.04326923076923077
1 0.3473557692307692 0.46153846153846156 0.14302884615384615 0.042067307692307696
3 0.3112980769230769 0.6286057692307693 0.09735576923076923 0.0625
0 0.3137019230769231 0.7007211538461539 0.19471153846153846 0.078125
2 0.6899038461538461 0.8425480769230769 0.1045673076923077 0.1622596153846154
2 0.7992788461538461 0.6887019230769231 0.11538461538461539 0.19831730769230768
1 0.6814903846153846 0.35096153846153844 0.25 0.038461538461538464