2 0.39302884615384615 0.19471153846153846 0.09375 0.16826923076923078
3 0.20793269230769232 0.41466346153846156 0.15865384615384615 0.04807692307692308
4 0.21394230769230768 0.5324519230769231 0.2403846153846154 0.09134615384615384
0 0.3918269230769231 0.5384615384615384 0.11778846153846154 0.06490384615384616
2 0.3581730769230769 0.6165865384615384 0.18028846153846154 0.055288461538461536
4 0.25841346153846156 0.7151442307692307 0.24519230769230768 0.10576923076923077
5 0.24639423076923078 0.7932692307692307 0.15144230769230768 0.052884615384615384
0 0.17548076923076922 0.8725961538461539 0.1466346153846154 0.0673076923076923
2 0.7367788461538461 0.7836538461538461 0.12740384615384615 0.21634615384615385
1 0.6923076923076923 0.43509615384615385 0.23798076923076922 0.057692307692307696
1 0.8028846153846154 0.25600961538461536 0.2692307692307692 0.06490384615384616