2 0.1658653846153846 0.18028846153846154 0.11057692307692307 0.17067307692307693
4 0.2920673076923077 0.21033653846153846 0.12980769230769232 0.1201923076923077
3 0.39663461538461536 0.23076923076923078 0.0889423076923077 0.06971153846153846
2 0.25721153846153844 0.3557692307692308 0.0889423076923077 0.15384615384615385
0 0.17668269230769232 0.5192307692307693 0.1778846153846154 0.10096153846153846
5 0.3737980769230769 0.5264423076923077 0.057692307692307696 0.04326923076923077
3 0.23677884615384615 0.6225961538461539 0.07211538461538461 0.04807692307692308
4 0.3701923076923077 0.5877403846153846 0.19471153846153846 0.08173076923076923
1 0.24639423076923078 0.7067307692307693 0.19471153846153846 0.07451923076923077
2 0.38822115384615385 0.6754807692307693 0.12740384615384615 0.09134615384615384
5 0.18389423076923078 0.8725961538461539 0.09615384615384616 0.07211538461538461
1 0.6730769230769231 0.38461538461538464 0.20673076923076922 0.05048076923076923