3 0.34134615384615385 0.25841346153846156 0.04927884615384615 0.02283653846153846
0 0.42908653846153844 0.25961538461538464 0.12139423076923077 0.030048076923076924
3 0.15504807692307693 0.4026442307692308 0.13822115384615385 0.06971153846153846
2 0.25721153846153844 0.3581730769230769 0.09495192307692307 0.15264423076923078
0 0.390625 0.4074519230769231 0.15745192307692307 0.04927884615384615
2 0.1935096153846154 0.5264423076923077 0.19110576923076922 0.05048076923076923
2 0.38822115384615385 0.5300480769230769 0.19471153846153846 0.04927884615384615
4 0.2848557692307692 0.6814903846153846 0.21514423076923078 0.09375
1 0.25600961538461536 0.7620192307692307 0.1935096153846154 0.0625
4 0.31850961538461536 0.8425480769230769 0.20793269230769232 0.11899038461538461
5 0.6622596153846154 0.7668269230769231 0.13221153846153846 0.11298076923076923
1 0.6706730769230769 0.4206730769230769 0.21995192307692307 0.054086538461538464