4 0.3870192307692308 0.1971153846153846 0.23798076923076922 0.07692307692307693
2 0.15625 0.3245192307692308 0.09375 0.16826923076923078
3 0.2512019230769231 0.36538461538461536 0.125 0.0673076923076923
0 0.38461538461538464 0.35216346153846156 0.18028846153846154 0.08413461538461539
1 0.23317307692307693 0.5024038461538461 0.17548076923076922 0.040865384615384616
5 0.4230769230769231 0.49158653846153844 0.09375 0.038461538461538464
2 0.28846153846153844 0.5745192307692307 0.19230769230769232 0.06009615384615385
0 0.43149038461538464 0.5673076923076923 0.10336538461538461 0.052884615384615384
4 0.3004807692307692 0.6538461538461539 0.2091346153846154 0.08653846153846154
5 0.26802884615384615 0.7836538461538461 0.052884615384615384 0.03125
2 0.6574519230769231 0.6682692307692307 0.11538461538461539 0.1778846153846154
1 0.6923076923076923 0.35697115384615385 0.28125 0.055288461538461536