2 0.17668269230769232 0.16826923076923078 0.1045673076923077 0.16826923076923078
4 0.30288461538461536 0.203125 0.125 0.11658653846153846
3 0.40625 0.22716346153846154 0.08774038461538461 0.06610576923076923
2 0.2620192307692308 0.3473557692307692 0.08413461538461539 0.15144230769230768
0 0.17668269230769232 0.5084134615384616 0.17427884615384615 0.09375
5 0.37259615384615385 0.5216346153846154 0.056490384615384616 0.040865384615384616
3 0.23317307692307693 0.6129807692307693 0.07091346153846154 0.04567307692307692
4 0.36778846153846156 0.5829326923076923 0.19110576923076922 0.07572115384615384
1 0.23918269230769232 0.6983173076923077 0.1935096153846154 0.0673076923076923
2 0.38221153846153844 0.671875 0.125 0.08774038461538461
5 0.17067307692307693 0.8617788461538461 0.09375 0.06850961538461539
1 0.6766826923076923 0.390625 0.20552884615384615 0.04447115384615385