2 0.19110576923076922 0.21995192307692307 0.23557692307692307 0.0673076923076923
4 0.3473557692307692 0.20192307692307693 0.23557692307692307 0.125
2 0.40865384615384615 0.35096153846153844 0.07692307692307693 0.14903846153846154
3 0.26802884615384615 0.40384615384615385 0.11778846153846154 0.04567307692307692
5 0.16826923076923078 0.53125 0.1346153846153846 0.06009615384615385
0 0.3641826923076923 0.5216346153846154 0.17307692307692307 0.0625
3 0.3762019230769231 0.6057692307692307 0.0889423076923077 0.036057692307692304
0 0.17908653846153846 0.7307692307692307 0.13942307692307693 0.07211538461538461
4 0.265625 0.8209134615384616 0.2283653846153846 0.12980769230769232
2 0.6887019230769231 0.7536057692307693 0.11298076923076923 0.21153846153846154
1 0.6622596153846154 0.42908653846153844 0.23317307692307693 0.06971153846153846
1 0.7451923076923077 0.26802884615384615 0.30528846153846156 0.06490384615384616