1 0.16346153846153846 0.24278846153846154 0.18990384615384615 0.04807692307692308
4 0.3737980769230769 0.23557692307692307 0.15625 0.11057692307692307
3 0.16346153846153846 0.4230769230769231 0.15384615384615385 0.055288461538461536
2 0.390625 0.38100961538461536 0.07932692307692307 0.14903846153846154
5 0.15865384615384615 0.5612980769230769 0.16346153846153846 0.052884615384615384
0 0.35216346153846156 0.5480769230769231 0.13942307692307693 0.06971153846153846
4 0.2091346153846154 0.7235576923076923 0.2620192307692308 0.11057692307692307
0 0.12860576923076922 0.8149038461538461 0.15865384615384615 0.0673076923076923
2 0.2956730769230769 0.8786057692307693 0.19230769230769232 0.07932692307692307
1 0.7620192307692307 0.2776442307692308 0.2668269230769231 0.06009615384615385
2 0.703125 0.7980769230769231 0.12980769230769232 0.22355769230769232