2 0.26322115384615385 0.22355769230769232 0.09615384615384616 0.15384615384615385
2 0.4026442307692308 0.23317307692307693 0.07211538461538461 0.14182692307692307
4 0.2127403846153846 0.41947115384615385 0.19471153846153846 0.10096153846153846
1 0.3762019230769231 0.4387019230769231 0.12740384615384615 0.04807692307692308
5 0.19591346153846154 0.5805288461538461 0.125 0.04807692307692308
3 0.17668269230769232 0.640625 0.125 0.07211538461538461
0 0.3713942307692308 0.6346153846153846 0.1346153846153846 0.038461538461538464
4 0.28966346153846156 0.7163461538461539 0.19951923076923078 0.0889423076923077
0 0.24639423076923078 0.8197115384615384 0.15625 0.0625
2 0.6814903846153846 0.7692307692307693 0.1201923076923077 0.20192307692307693
1 0.7175480769230769 0.4387019230769231 0.24519230769230768 0.04807692307692308