2 0.24759615384615385 0.16466346153846154 0.08413461538461539 0.16346153846153846
4 0.42788461538461536 0.2247596153846154 0.25961538461538464 0.08173076923076923
2 0.203125 0.33653846153846156 0.07451923076923077 0.16105769230769232
0 0.41346153846153844 0.3701923076923077 0.16105769230769232 0.09375
3 0.22235576923076922 0.5096153846153846 0.12259615384615384 0.06009615384615385
5 0.44591346153846156 0.515625 0.09375 0.036057692307692304
2 0.31490384615384615 0.5901442307692307 0.1875 0.057692307692307696
0 0.45072115384615385 0.5913461538461539 0.09615384615384616 0.04567307692307692
1 0.2668269230769231 0.6802884615384616 0.15865384615384615 0.04807692307692308
4 0.2403846153846154 0.7680288461538461 0.1658653846153846 0.09375
5 0.41346153846153844 0.8197115384615384 0.10817307692307693 0.04567307692307692
1 0.7560096153846154 0.4050480769230769 0.3125 0.06971153846153846