0 0.09134615384615384 0.21033653846153846 0.09134615384615384 0.12740384615384615
3 0.3605769230769231 0.26322115384615385 0.14903846153846154 0.05048076923076923
4 0.19110576923076922 0.3942307692307692 0.23076923076923078 0.12980769230769232
2 0.3713942307692308 0.41947115384615385 0.17307692307692307 0.052884615384615384
2 0.37740384615384615 0.546875 0.19230769230769232 0.06490384615384616
2 0.38461538461538464 0.6165865384615384 0.18509615384615385 0.06009615384615385
4 0.18389423076923078 0.5372596153846154 0.18269230769230768 0.12259615384615384
5 0.2800480769230769 0.7247596153846154 0.14182692307692307 0.0673076923076923
0 0.36658653846153844 0.8689903846153846 0.16105769230769232 0.07932692307692307
1 0.7127403846153846 0.2692307692307692 0.24759615384615385 0.04807692307692308
1 0.7403846153846154 0.4182692307692308 0.25961538461538464 0.055288461538461536