0 0.34375 0.23197115384615385 0.13341346153846154 0.057692307692307696
2 0.20432692307692307 0.3918269230769231 0.21514423076923078 0.05889423076923077
0 0.18870192307692307 0.5384615384615384 0.14182692307692307 0.051682692307692304
4 0.35336538461538464 0.5108173076923077 0.21875 0.09134615384615384
1 0.15264423076923078 0.5973557692307693 0.17427884615384615 0.042067307692307696
3 0.3641826923076923 0.5925480769230769 0.1622596153846154 0.051682692307692304
5 0.2620192307692308 0.6971153846153846 0.140625 0.0625
4 0.20552884615384615 0.7788461538461539 0.19831730769230768 0.078125
1 0.2091346153846154 0.8317307692307693 0.20552884615384615 0.05889423076923077
2 0.6514423076923077 0.7247596153846154 0.10697115384615384 0.1971153846153846
2 0.703125 0.9350961538461539 0.1141826923076923 0.12980769230769232