2 0.4206730769230769 0.22596153846153846 0.07692307692307693 0.15625
5 0.2512019230769231 0.28125 0.17067307692307693 0.055288461538461536
0 0.2536057692307692 0.4338942307692308 0.16105769230769232 0.0625
4 0.3605769230769231 0.39663461538461536 0.12740384615384615 0.11538461538461539
1 0.6995192307692307 0.41466346153846156 0.2548076923076923 0.055288461538461536
1 0.23557692307692307 0.5600961538461539 0.17548076923076922 0.055288461538461536
3 0.43028846153846156 0.5456730769230769 0.1658653846153846 0.052884615384615384
2 0.2860576923076923 0.6334134615384616 0.18990384615384615 0.0673076923076923
0 0.4362980769230769 0.6225961538461539 0.10576923076923077 0.057692307692307696
5 0.390625 0.7055288461538461 0.05048076923076923 0.040865384615384616
4 0.2860576923076923 0.7980769230769231 0.23076923076923078 0.10336538461538461
2 0.6622596153846154 0.7247596153846154 0.09615384615384616 0.19230769230769232