5 0.14543269230769232 0.3954326923076923 0.12379807692307693 0.051682692307692304
1 0.6670673076923077 0.3894230769230769 0.21995192307692307 0.04567307692307692
4 0.3545673076923077 0.4963942307692308 0.23677884615384615 0.09014423076923077
1 0.3125 0.5661057692307693 0.19471153846153846 0.039663461538461536
0 0.30528846153846156 0.6682692307692307 0.12379807692307693 0.0829326923076923
4 0.17548076923076922 0.6790865384615384 0.140625 0.11298076923076923
0 0.23918269230769232 0.7536057692307693 0.12860576923076922 0.057692307692307696
3 0.2548076923076923 0.8233173076923077 0.16466346153846154 0.07692307692307693
2 0.6682692307692307 0.9002403846153846 0.0985576923076923 0.18509615384615385
2 0.7620192307692307 0.7235576923076923 0.12379807692307693 0.203125
2 0.6358173076923077 0.6790865384615384 0.1045673076923077 0.18028846153846154