2 0.2764423076923077 0.26802884615384615 0.20552884615384615 0.06490384615384616
0 0.4483173076923077 0.26322115384615385 0.15144230769230768 0.07572115384615384
3 0.31009615384615385 0.4110576923076923 0.1045673076923077 0.06971153846153846
2 0.38461538461538464 0.375 0.056490384615384616 0.12740384615384615
2 0.41586538461538464 0.5372596153846154 0.17548076923076922 0.04807692307692308
0 0.27283653846153844 0.5456730769230769 0.12139423076923077 0.046875
4 0.38221153846153844 0.6057692307692307 0.19951923076923078 0.0625
5 0.2536057692307692 0.7115384615384616 0.10216346153846154 0.06490384615384616
1 0.4050480769230769 0.6959134615384616 0.18509615384615385 0.051682692307692304
5 0.34975961538461536 0.7752403846153846 0.046875 0.03365384615384615
4 0.703125 0.4050480769230769 0.2704326923076923 0.15264423076923078
1 0.7139423076923077 0.29927884615384615 0.21514423076923078 0.04326923076923077