2 0.27403846153846156 0.12139423076923077 0.0985576923076923 0.1778846153846154
2 0.4182692307692308 0.140625 0.07932692307692307 0.1658653846153846
0 0.1466346153846154 0.15625 0.14423076923076922 0.0985576923076923
1 0.375 0.3473557692307692 0.12259615384615384 0.040865384615384616
5 0.20072115384615385 0.49278846153846156 0.12980769230769232 0.052884615384615384
3 0.41947115384615385 0.47836538461538464 0.07692307692307693 0.04567307692307692
0 0.36658653846153844 0.5504807692307693 0.13221153846153846 0.04567307692307692
4 0.35216346153846156 0.7704326923076923 0.22596153846153846 0.12980769230769232
3 0.1814903846153846 0.8245192307692307 0.12740384615384615 0.07692307692307693
2 0.6730769230769231 0.6814903846153846 0.10096153846153846 0.18509615384615385
4 0.8365384615384616 0.6899038461538461 0.25721153846153844 0.25240384615384615
1 0.7487980769230769 0.36778846153846156 0.23317307692307693 0.06009615384615385