1 0.23076923076923078 0.2091346153846154 0.23557692307692307 0.052884615384615384
1 0.6971153846153846 0.4182692307692308 0.23076923076923078 0.06490384615384616
4 0.3629807692307692 0.3737980769230769 0.22115384615384615 0.10576923076923077
5 0.41346153846153844 0.5252403846153846 0.11778846153846154 0.055288461538461536
2 0.21394230769230768 0.6105769230769231 0.21634615384615385 0.0673076923076923
4 0.3701923076923077 0.5925480769230769 0.1875 0.06490384615384616
0 0.23677884615384615 0.6850961538461539 0.12980769230769232 0.09375
3 0.2283653846153846 0.7788461538461539 0.11538461538461539 0.08173076923076923
2 0.8004807692307693 0.9579326923076923 0.1346153846153846 0.08413461538461539
2 0.6983173076923077 0.7439903846153846 0.11778846153846154 0.20432692307692307
0 0.45552884615384615 0.25600961538461536 0.1346153846153846 0.04326923076923077