2 0.18028846153846154 0.1875 0.08653846153846154 0.15865384615384615
0 0.42427884615384615 0.27163461538461536 0.10817307692307693 0.036057692307692304
1 0.19831730769230768 0.4014423076923077 0.1658653846153846 0.040865384615384616
2 0.31850961538461536 0.3641826923076923 0.06971153846153846 0.14182692307692307
5 0.4014423076923077 0.41947115384615385 0.11298076923076923 0.04807692307692308
0 0.3870192307692308 0.5360576923076923 0.15384615384615385 0.06490384615384616
1 0.31490384615384615 0.59375 0.1971153846153846 0.04326923076923077
3 0.17067307692307693 0.7043269230769231 0.13701923076923078 0.07692307692307693
4 0.30528846153846156 0.6790865384615384 0.16105769230769232 0.08173076923076923
2 0.2668269230769231 0.8425480769230769 0.1875 0.08413461538461539
4 0.7884615384615384 0.7644230769230769 0.3076923076923077 0.2932692307692308