4 0.4026442307692308 0.19110576923076922 0.2403846153846154 0.08173076923076923
2 0.1658653846153846 0.30649038461538464 0.09615384615384616 0.16826923076923078
3 0.25841346153846156 0.35216346153846156 0.125 0.06971153846153846
0 0.3918269230769231 0.34615384615384615 0.18028846153846154 0.0889423076923077
1 0.23317307692307693 0.4879807692307692 0.1778846153846154 0.04567307692307692
5 0.4230769230769231 0.4879807692307692 0.09375 0.040865384615384616
2 0.2848557692307692 0.5637019230769231 0.19471153846153846 0.06490384615384616
0 0.42788461538461536 0.5637019230769231 0.10336538461538461 0.052884615384615384
4 0.2932692307692308 0.6430288461538461 0.21153846153846154 0.0889423076923077
5 0.2536057692307692 0.7716346153846154 0.052884615384615384 0.03365384615384615
2 0.6490384615384616 0.6754807692307693 0.1201923076923077 0.18028846153846154
1 0.6995192307692307 0.36778846153846156 0.28365384615384615 0.06009615384615385