0 0.4026442307692308 0.25961538461538464 0.1346153846153846 0.02403846153846154
5 0.15865384615384615 0.4206730769230769 0.17067307692307693 0.057692307692307696
0 0.3641826923076923 0.41346153846153844 0.16346153846153846 0.05048076923076923
3 0.15745192307692307 0.5528846153846154 0.1466346153846154 0.08173076923076923
4 0.33653846153846156 0.5264423076923077 0.21875 0.09615384615384616
2 0.18870192307692307 0.6346153846153846 0.21634615384615385 0.06009615384615385
4 0.24639423076923078 0.7043269230769231 0.22355769230769232 0.10096153846153846
1 0.22956730769230768 0.7860576923076923 0.20673076923076922 0.0673076923076923
2 0.6766826923076923 0.7512019230769231 0.12259615384615384 0.2091346153846154
2 0.8088942307692307 0.7908653846153846 0.14182692307692307 0.22355769230769232
1 0.65625 0.4170673076923077 0.22596153846153846 0.052884615384615384