1 0.1466346153846154 0.2668269230769231 0.18990384615384615 0.04807692307692308
4 0.3557692307692308 0.24519230769230768 0.15625 0.11057692307692307
3 0.15865384615384615 0.44711538461538464 0.15384615384615385 0.055288461538461536
2 0.38341346153846156 0.38822115384615385 0.07932692307692307 0.14903846153846154
5 0.16346153846153846 0.5853365384615384 0.16346153846153846 0.052884615384615384
0 0.3557692307692308 0.5576923076923077 0.13942307692307693 0.06971153846153846
4 0.22596153846153846 0.7427884615384616 0.2620192307692308 0.11057692307692307
0 0.15144230769230768 0.8401442307692307 0.15865384615384615 0.0673076923076923
2 0.32211538461538464 0.8918269230769231 0.19230769230769232 0.07932692307692307
1 0.7451923076923077 0.2608173076923077 0.2668269230769231 0.06009615384615385
2 0.7235576923076923 0.7836538461538461 0.12980769230769232 0.22355769230769232