4 0.3581730769230769 0.21754807692307693 0.21153846153846154 0.11057692307692307
5 0.13701923076923078 0.4098557692307692 0.13701923076923078 0.052884615384615384
0 0.3713942307692308 0.41346153846153844 0.15384615384615385 0.05048076923076923
0 0.12620192307692307 0.5132211538461539 0.1346153846153846 0.08413461538461539
3 0.21153846153846154 0.6213942307692307 0.2091346153846154 0.06009615384615385
4 0.328125 0.6009615384615384 0.21634615384615385 0.06009615384615385
2 0.21394230769230768 0.7163461538461539 0.20673076923076922 0.08413461538461539
2 0.6694711538461539 0.9338942307692307 0.12259615384615384 0.13221153846153846
2 0.6346153846153846 0.7319711538461539 0.10817307692307693 0.20673076923076922
1 0.6670673076923077 0.4182692307692308 0.23798076923076922 0.06009615384615385
1 0.7103365384615384 0.25841346153846156 0.2764423076923077 0.052884615384615384