0 0.2620192307692308 0.24158653846153846 0.2091346153846154 0.057692307692307696
3 0.41947115384615385 0.2403846153846154 0.11057692307692307 0.06490384615384616
4 0.17668269230769232 0.359375 0.14182692307692307 0.13701923076923078
1 0.33052884615384615 0.3942307692307692 0.15625 0.037259615384615384
3 0.16105769230769232 0.5348557692307693 0.07211538461538461 0.046875
5 0.4254807692307692 0.515625 0.0985576923076923 0.046875
2 0.28365384615384615 0.5925480769230769 0.1045673076923077 0.06971153846153846
2 0.36658653846153844 0.5877403846153846 0.07211538461538461 0.07451923076923077
2 0.4326923076923077 0.5853365384615384 0.06129807692307692 0.07211538461538461
1 0.36538461538461536 0.6742788461538461 0.18509615384615385 0.04567307692307692
4 0.29447115384615385 0.7608173076923077 0.16346153846153846 0.07211538461538461
0 0.7439903846153846 0.40865384615384615 0.1971153846153846 0.10336538461538461