0 0.1875 0.19591346153846154 0.17548076923076922 0.08533653846153846
1 0.37259615384615385 0.21875 0.17307692307692307 0.037259615384615384
5 0.22716346153846154 0.38461538461538464 0.12980769230769232 0.057692307692307696
3 0.22235576923076922 0.5060096153846154 0.12620192307692307 0.04927884615384615
4 0.39302884615384615 0.4963942307692308 0.2091346153846154 0.07091346153846154
2 0.33052884615384615 0.5721153846153846 0.17427884615384615 0.056490384615384616
4 0.2920673076923077 0.6586538461538461 0.22235576923076922 0.09735576923076923
2 0.6490384615384616 0.6778846153846154 0.10096153846153846 0.1814903846153846
0 0.8413461538461539 0.7776442307692307 0.171875 0.15144230769230768
2 0.6057692307692307 0.8545673076923077 0.09615384615384616 0.16706730769230768
1 0.2860576923076923 0.7235576923076923 0.1935096153846154 0.039663461538461536