1 0.24639423076923078 0.19230769230769232 0.24278846153846154 0.057692307692307696
1 0.7283653846153846 0.22115384615384615 0.23197115384615385 0.04927884615384615
2 0.18990384615384615 0.31490384615384615 0.08413461538461539 0.15865384615384615
3 0.4014423076923077 0.37259615384615385 0.13581730769230768 0.06009615384615385
4 0.4074519230769231 0.16826923076923078 0.1778846153846154 0.13822115384615385
2 0.15985576923076922 0.5084134615384616 0.08533653846153846 0.07932692307692307
4 0.3713942307692308 0.49399038461538464 0.2548076923076923 0.09254807692307693
5 0.25721153846153844 0.5841346153846154 0.12860576923076922 0.06129807692307692
0 0.3942307692307692 0.5793269230769231 0.13701923076923078 0.04927884615384615
0 0.2764423076923077 0.6838942307692307 0.12139423076923077 0.09254807692307693
2 0.7367788461538461 0.7427884615384616 0.13822115384615385 0.21514423076923078