5 0.15865384615384615 0.2127403846153846 0.16105769230769232 0.04567307692307692
4 0.36538461538461536 0.203125 0.24519230769230768 0.09975961538461539
3 0.15865384615384615 0.3858173076923077 0.15625 0.07211538461538461
2 0.2776442307692308 0.33774038461538464 0.09495192307692307 0.1622596153846154
0 0.4026442307692308 0.3954326923076923 0.15144230769230768 0.04807692307692308
0 0.15264423076923078 0.5072115384615384 0.12740384615384615 0.09495192307692307
1 0.3401442307692308 0.5120192307692307 0.16105769230769232 0.042067307692307696
4 0.36177884615384615 0.5877403846153846 0.23197115384615385 0.06610576923076923
2 0.2536057692307692 0.7704326923076923 0.1971153846153846 0.078125
2 0.6478365384615384 0.9399038461538461 0.11899038461538461 0.11899038461538461
5 0.65625 0.41586538461538464 0.14783653846153846 0.07572115384615384
1 0.7331730769230769 0.23197115384615385 0.28966346153846156 0.051682692307692304