0 0.37259615384615385 0.234375 0.15625 0.036057692307692304
4 0.31971153846153844 0.3701923076923077 0.16826923076923078 0.07451923076923077
3 0.16346153846153846 0.515625 0.16346153846153846 0.052884615384615384
1 0.32211538461538464 0.49759615384615385 0.14903846153846154 0.038461538461538464
4 0.18028846153846154 0.5913461538461539 0.1971153846153846 0.10096153846153846
2 0.3449519230769231 0.5721153846153846 0.1658653846153846 0.055288461538461536
0 0.29447115384615385 0.6754807692307693 0.14423076923076922 0.08173076923076923
2 0.2512019230769231 0.7439903846153846 0.1875 0.0625
5 0.2956730769230769 0.8221153846153846 0.055288461538461536 0.040865384615384616
2 0.6033653846153846 0.6766826923076923 0.09375 0.18269230769230768
5 0.6033653846153846 0.37259615384615385 0.12740384615384615 0.08173076923076923
1 0.6850961538461539 0.21514423076923078 0.27403846153846156 0.055288461538461536