2 0.3942307692307692 0.21153846153846154 0.08653846153846154 0.15985576923076922
2 0.35697115384615385 0.4362980769230769 0.20192307692307693 0.055288461538461536
3 0.20192307692307693 0.5673076923076923 0.20192307692307693 0.05889423076923077
4 0.19591346153846154 0.6454326923076923 0.21634615384615385 0.06971153846153846
0 0.38221153846153844 0.6430288461538461 0.15504807692307693 0.0625
0 0.16346153846153846 0.8269230769230769 0.14182692307692307 0.056490384615384616
5 0.2848557692307692 0.8942307692307693 0.13341346153846154 0.07692307692307693
2 0.6971153846153846 0.7884615384615384 0.1141826923076923 0.22355769230769232
4 0.875 0.8269230769230769 0.25 0.26322115384615385
1 0.7415865384615384 0.4423076923076923 0.2764423076923077 0.06129807692307692
1 0.7139423076923077 0.2800480769230769 0.25600961538461536 0.05048076923076923