4 0.15985576923076922 0.1658653846153846 0.28125 0.0985576923076923
0 0.36899038461538464 0.2127403846153846 0.1658653846153846 0.038461538461538464
5 0.10576923076923077 0.3641826923076923 0.13701923076923078 0.052884615384615384
1 0.30408653846153844 0.35697115384615385 0.16346153846153846 0.040865384615384616
4 0.140625 0.4723557692307692 0.20673076923076922 0.10336538461538461
3 0.33774038461538464 0.5 0.15384615384615385 0.04567307692307692
1 0.2776442307692308 0.5588942307692307 0.2091346153846154 0.04326923076923077
0 0.18870192307692307 0.7487980769230769 0.14182692307692307 0.06009615384615385
2 0.6310096153846154 0.9146634615384616 0.10336538461538461 0.17067307692307693
2 0.7091346153846154 0.7307692307692307 0.10817307692307693 0.20432692307692307
2 0.6141826923076923 0.6947115384615384 0.11057692307692307 0.19471153846153846