2 0.25841346153846156 0.25600961538461536 0.21875 0.06971153846153846
4 0.45913461538461536 0.23918269230769232 0.18269230769230768 0.13221153846153846
1 0.7151442307692307 0.2932692307692308 0.23557692307692307 0.0625
5 0.328125 0.42908653846153844 0.11778846153846154 0.04567307692307692
1 0.7271634615384616 0.4567307692307692 0.2764423076923077 0.07451923076923077
2 0.4182692307692308 0.5588942307692307 0.19471153846153846 0.0625
0 0.41225961538461536 0.640625 0.14423076923076922 0.0985576923076923
5 0.2620192307692308 0.6322115384615384 0.12980769230769232 0.052884615384615384
0 0.19951923076923078 0.7307692307692307 0.13701923076923078 0.08653846153846154
3 0.3918269230769231 0.7199519230769231 0.16105769230769232 0.07692307692307693
4 0.2439903846153846 0.8641826923076923 0.2403846153846154 0.11298076923076923
2 0.7367788461538461 0.828125 0.11778846153846154 0.23076923076923078