0 0.3858173076923077 0.24519230769230768 0.1778846153846154 0.04567307692307692
2 0.11778846153846154 0.3557692307692308 0.1201923076923077 0.1778846153846154
2 0.40384615384615385 0.34975961538461536 0.07211538461538461 0.15144230769230768
4 0.28365384615384615 0.38461538461538464 0.20432692307692307 0.11057692307692307
0 0.18389423076923078 0.546875 0.13701923076923078 0.052884615384615384
1 0.3641826923076923 0.5204326923076923 0.20432692307692307 0.05048076923076923
4 0.3173076923076923 0.5985576923076923 0.23557692307692307 0.06971153846153846
5 0.3112980769230769 0.7151442307692307 0.12740384615384615 0.0673076923076923
3 0.2512019230769231 0.875 0.15625 0.09375
2 0.6766826923076923 0.7223557692307693 0.11538461538461539 0.20673076923076922
1 0.6814903846153846 0.4014423076923077 0.22355769230769232 0.055288461538461536