4 0.234375 0.21754807692307693 0.20552884615384615 0.13221153846153846
3 0.39663461538461536 0.25600961538461536 0.13221153846153846 0.06610576923076923
1 0.265625 0.41346153846153844 0.16947115384615385 0.039663461538461536
5 0.44711538461538464 0.421875 0.10697115384615384 0.04326923076923077
2 0.24759615384615385 0.5384615384615384 0.20192307692307693 0.051682692307692304
0 0.4423076923076923 0.5384615384615384 0.14903846153846154 0.0625
0 0.22115384615384615 0.6983173076923077 0.13221153846153846 0.08052884615384616
2 0.32091346153846156 0.84375 0.17427884615384615 0.08533653846153846
4 0.8521634615384616 0.7487980769230769 0.2920673076923077 0.28725961538461536
2 0.6802884615384616 0.7295673076923077 0.0985576923076923 0.19951923076923078
1 0.7512019230769231 0.2668269230769231 0.26322115384615385 0.051682692307692304