2 0.36658653846153844 0.17307692307692307 0.07932692307692307 0.15384615384615385
0 0.12259615384615384 0.203125 0.17908653846153846 0.06610576923076923
5 0.22596153846153846 0.38822115384615385 0.12860576923076922 0.05048076923076923
2 0.39783653846153844 0.34134615384615385 0.08173076923076923 0.15625
4 0.17548076923076922 0.49399038461538464 0.15625 0.125
0 0.35697115384615385 0.5108173076923077 0.12980769230769232 0.06971153846153846
1 0.25961538461538464 0.5877403846153846 0.21153846153846154 0.039663461538461536
2 0.22956730769230768 0.6923076923076923 0.1971153846153846 0.07692307692307693
1 0.20072115384615385 0.84375 0.1658653846153846 0.06370192307692307
3 0.6802884615384616 0.9603365384615384 0.13942307692307693 0.07932692307692307
4 0.6935096153846154 0.7355769230769231 0.23557692307692307 0.2536057692307692