5 0.15865384615384615 0.22956730769230768 0.1875 0.052884615384615384
4 0.34975961538461536 0.21394230769230768 0.23317307692307693 0.10096153846153846
3 0.28125 0.40384615384615385 0.11778846153846154 0.05048076923076923
0 0.39302884615384615 0.40024038461538464 0.12980769230769232 0.052884615384615384
4 0.16947115384615385 0.5264423076923077 0.17548076923076922 0.09134615384615384
2 0.3473557692307692 0.5216346153846154 0.18269230769230768 0.06490384615384616
1 0.22596153846153846 0.5997596153846154 0.17067307692307693 0.05048076923076923
3 0.38341346153846156 0.5925480769230769 0.07932692307692307 0.040865384615384616
0 0.26802884615384615 0.7115384615384616 0.14182692307692307 0.0673076923076923
2 0.2403846153846154 0.7620192307692307 0.1971153846153846 0.06009615384615385
2 0.6875 0.9230769230769231 0.10817307692307693 0.14903846153846154
1 0.7319711538461539 0.25961538461538464 0.3076923076923077 0.055288461538461536