1 0.390625 0.22355769230769232 0.1971153846153846 0.040865384615384616
4 0.3293269230769231 0.34134615384615385 0.12740384615384615 0.13221153846153846
5 0.39783653846153844 0.5072115384615384 0.14903846153846154 0.052884615384615384
0 0.19591346153846154 0.4855769230769231 0.13221153846153846 0.07692307692307693
3 0.265625 0.5805288461538461 0.14423076923076922 0.0625
0 0.40384615384615385 0.5745192307692307 0.13221153846153846 0.055288461538461536
4 0.25600961538461536 0.7403846153846154 0.19471153846153846 0.0889423076923077
2 0.6430288461538461 0.6850961538461539 0.07932692307692307 0.19230769230769232
2 0.7331730769230769 0.7151442307692307 0.09134615384615384 0.21394230769230768
2 0.8389423076923077 0.7524038461538461 0.13221153846153846 0.22115384615384615
1 0.6838942307692307 0.24879807692307693 0.20432692307692307 0.040865384615384616