4 0.203125 0.14302884615384615 0.25961538461538464 0.08653846153846154
0 0.40625 0.1875 0.14423076923076922 0.036057692307692304
5 0.15384615384615385 0.3389423076923077 0.125 0.04567307692307692
1 0.33413461538461536 0.33533653846153844 0.15384615384615385 0.040865384615384616
4 0.18629807692307693 0.44350961538461536 0.18269230769230768 0.10096153846153846
3 0.3713942307692308 0.46634615384615385 0.13942307692307693 0.04567307692307692
1 0.32211538461538464 0.5252403846153846 0.1971153846153846 0.036057692307692304
0 0.23918269230769232 0.7067307692307693 0.13942307692307693 0.05048076923076923
2 0.6694711538461539 0.8557692307692307 0.0985576923076923 0.1778846153846154
2 0.6454326923076923 0.6370192307692307 0.09615384615384616 0.17307692307692307
2 0.7716346153846154 0.6778846153846154 0.10576923076923077 0.1971153846153846