5 0.17427884615384615 0.19471153846153846 0.16346153846153846 0.052884615384615384
4 0.38100961538461536 0.19591346153846154 0.25 0.11298076923076923
3 0.16466346153846154 0.36778846153846156 0.15865384615384615 0.07932692307692307
2 0.2860576923076923 0.3269230769230769 0.10336538461538461 0.1658653846153846
0 0.40865384615384615 0.390625 0.15384615384615385 0.055288461538461536
0 0.15264423076923078 0.4891826923076923 0.13221153846153846 0.10096153846153846
1 0.3401442307692308 0.5036057692307693 0.16346153846153846 0.05048076923076923
4 0.35697115384615385 0.5805288461538461 0.23557692307692307 0.07932692307692307
2 0.2403846153846154 0.7572115384615384 0.20192307692307693 0.0889423076923077
2 0.625 0.9423076923076923 0.125 0.11538461538461539
5 0.6598557692307693 0.42427884615384615 0.15144230769230768 0.08413461538461539
1 0.7463942307692307 0.2439903846153846 0.29086538461538464 0.0673076923076923