2 0.15625 0.3245192307692308 0.09375 0.16105769230769232
1 0.3713942307692308 0.20432692307692307 0.20432692307692307 0.038461538461538464
3 0.37259615384615385 0.3629807692307692 0.23076923076923078 0.09615384615384616
1 0.22235576923076922 0.4963942307692308 0.15865384615384615 0.04326923076923077
0 0.4206730769230769 0.4795673076923077 0.15144230769230768 0.09615384615384616
0 0.4254807692307692 0.5685096153846154 0.09615384615384616 0.055288461538461536
2 0.29086538461538464 0.5769230769230769 0.1971153846153846 0.06009615384615385
4 0.3016826923076923 0.6490384615384616 0.21153846153846154 0.08653846153846154
5 0.31850961538461536 0.8088942307692307 0.10817307692307693 0.07451923076923077
3 0.6394230769230769 0.36177884615384615 0.19230769230769232 0.12259615384615384
2 0.6670673076923077 0.6826923076923077 0.10576923076923077 0.1875