2 0.29927884615384615 0.15264423076923078 0.0985576923076923 0.17548076923076922
2 0.38100961538461536 0.15504807692307693 0.09615384615384616 0.16346153846153846
0 0.20432692307692307 0.35697115384615385 0.15865384615384615 0.11538461538461539
3 0.12620192307692307 0.5276442307692307 0.125 0.052884615384615384
1 0.390625 0.4879807692307692 0.09375 0.057692307692307696
5 0.30528846153846156 0.5817307692307693 0.07692307692307693 0.057692307692307696
3 0.38822115384615385 0.5829326923076923 0.0985576923076923 0.038461538461538464
4 0.19591346153846154 0.7019230769230769 0.19951923076923078 0.13942307692307693
4 0.25721153846153844 0.8257211538461539 0.20673076923076922 0.09615384615384616
2 0.5697115384615384 0.8737980769230769 0.09615384615384616 0.17548076923076922
1 0.7896634615384616 0.421875 0.24278846153846154 0.0673076923076923