4 0.3485576923076923 0.22235576923076922 0.21153846153846154 0.11057692307692307
5 0.1346153846153846 0.421875 0.13701923076923078 0.052884615384615384
0 0.36899038461538464 0.4182692307692308 0.15384615384615385 0.05048076923076923
0 0.12620192307692307 0.5252403846153846 0.1346153846153846 0.08413461538461539
3 0.21634615384615385 0.6310096153846154 0.2091346153846154 0.06009615384615385
4 0.3317307692307692 0.6057692307692307 0.21634615384615385 0.06009615384615385
2 0.22115384615384615 0.7259615384615384 0.20673076923076922 0.08413461538461539
2 0.6850961538461539 0.9290865384615384 0.12259615384615384 0.1346153846153846
2 0.6418269230769231 0.7271634615384616 0.10817307692307693 0.20673076923076922
1 0.6646634615384616 0.41346153846153844 0.23798076923076922 0.06009615384615385
1 0.7007211538461539 0.2512019230769231 0.2764423076923077 0.052884615384615384