2 0.28846153846153844 0.25721153846153844 0.2091346153846154 0.07451923076923077
0 0.46033653846153844 0.2608173076923077 0.15625 0.08413461538461539
3 0.31490384615384615 0.4014423076923077 0.10817307692307693 0.07451923076923077
2 0.3918269230769231 0.36899038461538464 0.0625 0.12980769230769232
2 0.41346153846153844 0.5324519230769231 0.1778846153846154 0.057692307692307696
0 0.2704326923076923 0.5336538461538461 0.12259615384615384 0.052884615384615384
4 0.37740384615384615 0.5997596153846154 0.20192307692307693 0.07211538461538461
5 0.24278846153846154 0.6983173076923077 0.10576923076923077 0.06971153846153846
1 0.3954326923076923 0.6911057692307693 0.1875 0.0625
5 0.33533653846153844 0.7668269230769231 0.04807692307692308 0.036057692307692304
4 0.7079326923076923 0.41586538461538464 0.27884615384615385 0.1658653846153846
1 0.7235576923076923 0.3112980769230769 0.21634615384615385 0.055288461538461536