2 0.2536057692307692 0.16105769230769232 0.08653846153846154 0.1658653846153846
4 0.4326923076923077 0.22355769230769232 0.25961538461538464 0.08653846153846154
2 0.20673076923076922 0.33052884615384615 0.07692307692307693 0.16105769230769232
0 0.41586538461538464 0.36778846153846156 0.16346153846153846 0.09615384615384616
3 0.22235576923076922 0.5048076923076923 0.12259615384615384 0.0625
5 0.44591346153846156 0.5144230769230769 0.09375 0.038461538461538464
2 0.3125 0.5877403846153846 0.1875 0.06009615384615385
0 0.4483173076923077 0.5913461538461539 0.09615384615384616 0.04807692307692308
1 0.2644230769230769 0.6754807692307693 0.16105769230769232 0.05048076923076923
4 0.23557692307692307 0.7632211538461539 0.1658653846153846 0.09615384615384616
5 0.40865384615384615 0.8173076923076923 0.10817307692307693 0.04807692307692308
1 0.7584134615384616 0.40865384615384615 0.31490384615384615 0.07692307692307693