5 0.16346153846153846 0.22355769230769232 0.1875 0.05048076923076923
4 0.3545673076923077 0.21153846153846154 0.23076923076923078 0.09735576923076923
3 0.2824519230769231 0.40024038461538464 0.11778846153846154 0.04927884615384615
0 0.3942307692307692 0.39783653846153844 0.12860576923076922 0.051682692307692304
4 0.16947115384615385 0.5204326923076923 0.17427884615384615 0.0889423076923077
2 0.3473557692307692 0.5192307692307693 0.1814903846153846 0.0625
1 0.2247596153846154 0.5949519230769231 0.16947115384615385 0.046875
3 0.38221153846153844 0.5901442307692307 0.07932692307692307 0.038461538461538464
0 0.2644230769230769 0.7079326923076923 0.140625 0.06370192307692307
2 0.23557692307692307 0.7572115384615384 0.19591346153846154 0.056490384615384616
2 0.6802884615384616 0.9266826923076923 0.10576923076923077 0.1466346153846154
1 0.7355769230769231 0.26322115384615385 0.3076923076923077 0.04927884615384615