5 0.12860576923076922 0.17307692307692307 0.15625 0.055288461538461536
3 0.36899038461538464 0.20673076923076922 0.1346153846153846 0.06971153846153846
0 0.36899038461538464 0.3762019230769231 0.15865384615384615 0.057692307692307696
0 0.11778846153846154 0.46875 0.1346153846153846 0.0889423076923077
4 0.3076923076923077 0.46875 0.25 0.1201923076923077
4 0.32211538461538464 0.5612980769230769 0.23557692307692307 0.07692307692307693
2 0.18990384615384615 0.671875 0.20673076923076922 0.0889423076923077
2 0.2091346153846154 0.7451923076923077 0.20192307692307693 0.09134615384615384
2 0.6310096153846154 0.9254807692307693 0.12259615384615384 0.14903846153846154
1 0.6670673076923077 0.39783653846153844 0.22355769230769232 0.0673076923076923
1 0.7367788461538461 0.23918269230769232 0.31490384615384615 0.057692307692307696