0 0.3870192307692308 0.2283653846153846 0.15625 0.038461538461538464
4 0.3269230769230769 0.3605769230769231 0.16826923076923078 0.07692307692307693
3 0.16346153846153846 0.49759615384615385 0.16346153846153846 0.055288461538461536
1 0.32211538461538464 0.4879807692307692 0.14903846153846154 0.040865384615384616
4 0.17668269230769232 0.5745192307692307 0.19951923076923078 0.10576923076923077
2 0.34134615384615385 0.5637019230769231 0.1658653846153846 0.057692307692307696
0 0.2848557692307692 0.6646634615384616 0.1466346153846154 0.08413461538461539
2 0.23798076923076922 0.7307692307692307 0.1875 0.0673076923076923
5 0.27884615384615385 0.8112980769230769 0.055288461538461536 0.040865384615384616
2 0.59375 0.6814903846153846 0.0985576923076923 0.18509615384615385
5 0.6105769230769231 0.3786057692307692 0.12980769230769232 0.08413461538461539
1 0.6995192307692307 0.22596153846153846 0.2764423076923077 0.06009615384615385